0.193171702238723
0.130128668809407
0.109631614545629
0.0831562585767979
0.0688702321908973
0.0605436912505414
0.0578039089800334
0.0568339258833604
0.0562561031948762
0.0557822621097019
0.0554825322582102
0.0548016297468787
0.054386421587213
0.054282860355927
0.0541183821315137
0.0539676248480658
0.0537905539940787
0.0536962148434086
0.0535934354144997
0.0534789187876
0.0534639973341091
0.0534524027993897
0.0534007090979516
0.0532973461341824
0.053217097952521
0.05318568958992
0.0531671700829898
0.0531266643122605
0.0529604079430971
0.052941765127406
0.0528459229734119
0.0526939987860776
0.0526674451562414
0.0526311408914447
0.0524981316424929
0.0524551823348161
0.052363863598672
0.052343116118977
0.0523363359460556
0.0523245802263234
0.0522964831336215
0.0522685247476733
0.0521947205157882
0.0521364090731554
0.0520890844383909
0.0520874641261131
0.0520965988903516
0.0520834360577862
0.0520432162532816
0.0519608146742183
0.0518889280169295
0.0517739467406399
0.0517371539631633
0.0516783055601505
0.0516600068150853
0.0515767901062433
0.0515758889825461
0.0515639288917577
0.0515189969752951
0.0514989796692328
0.051461556150967
0.0514622082663849
0.0514427498325964
0.0514492723249363
0.0514355315607068
0.0514314027816477
0.0514267844390422
0.0514182716445515
0.0513946989475803
0.0513895678138359
0.0513516966215069
0.0513425457493818
0.0513400491293267
0.0513305254809774
0.0513180736034166
0.0513066025535702
0.0512896681469643
0.051286126008547
0.0512747352895702
0.0512593448572451
0.0512461666297423
0.0511952684397461
0.0511756983042636
0.0511714359796361
0.0511597242972007
0.0511487378562055
0.0511253710803994
0.0511088517688681
0.0510992766701604
0.0511041754144455
0.0510908668487865
0.0510624948698349
0.051033945245461
0.0510329856615903
0.051026933300963
0.0510341382968643
0.0510171554524728
0.0509932921911044
0.0509847677652135
0.0509486904872475
0.0508684764214634
