0.999951097023666, 0.999961715827802, 0.999971955471824, 0.99996683604326, 0.99999557280185, 0.999932982856975, 0.999820255076918, 0.99985159010253, 0.999896968391091, 0.500308427524505, 0.999627521176937, 0.000141658437551373, 0.642218337545784, 0.52974168796216, 0.499959529291588, 0.499937225293504, 0.499977163877498, 0.500056873218269, 0.50000053951762
0.999974008272451, 0.999973108964345, 0.500496594408756, 0.999834533058381, 0.999892949835803, 0.999690355431112, 0.999880108791881, 0.00124713373990842, 0.822874487323121, 0.847497268541539, 0.74761605557223, 0.70912710752136, 0.559852253313534, 0.338747659631007, 0.499959458755943, 0.499937605836346, 0.499977096889933, 0.500057150650157, 0.500003707963625
0.999900773609741, 0.999976552828717, 0.999980818033318, 0.999885544276355, 0.999881979525743, 0.999950015312522, 0.999924386680112, 0.50014514553593, 0.999906024281315, 0.000583353985031891, 0.7244214541063, 0.989566630661166, 0.567937944432458, 0.344812485521467, 0.499959189852009, 0.499937371236925, 0.499979763486123, 0.50005685697516, 0.500000916220908
0.999673969540279, 0.999887358558801, 0.999619181342857, 0.999851612965811, 0.999676272424359, 0.502613983541581, 0.999394423592568, 0.998971292473027, 0.998073226442541, 0.99938429988659, 0.999105660516912, 0.998783778342686, 0.00224637441235126, 0.517340425684516, 0.499959009490785, 0.499936237298521, 0.499977633580448, 0.500056812209388, 0.50000107440589
0.999810534868511, 0.999967886543885, 0.999881927347198, 0.999830212401551, 0.999893370813345, 0.999943101018415, 0.999819678276588, 0.999780603996078, 0.999998813851498, 0.999845405307742, 0.99993198988162, 0.999756078939069, 0.999625240111848, 0.500209965515013, 0.49995975885341, 0.499937408859935, 0.499977237962726, 0.500057083009284, 0.500000305434695
0.999985790559061, 0.999997721093758, 0.999980878243491, 0.999933100476392, 0.999971986962896, 0.999979091599648, 0.99999197607451, 0.000307004052456789, 0.874625230034034, 0.789842372941019, 0.710111237876564, 0.708571356230618, 0.64278080913289, 0.3552896501077, 0.499959475700233, 0.499938702569649, 0.499978727113453, 0.50005674348154, 0.50000210879906
0.999656079696272, 0.999778265816538, 0.999834954260795, 0.501951550044576, 0.99950372254383, 0.99968592966256, 0.999816866210373, 0.999971859179455, 0.999597378338242, 0.999871403166223, 0.999330821836351, 0.0049191782210562, 0.621031152404206, 0.469770070456472, 0.49995510250071, 0.499937233762002, 0.499979625210768, 0.500057203582859, 0.500001045643725
0.999991881038895, 0.999923142778693, 0.999830118371228, 0.500658239705443, 0.999899355714267, 0.999627734363262, 0.999818333152077, 0.999776689065864, 0.00117221042848503, 0.94576634754281, 0.742907230757393, 0.708755101113908, 0.614007656272655, 0.457458090091763, 0.499959481048188, 0.499935471896265, 0.499979767729603, 0.500057052153983, 0.500000946101118
0.504398593384862, 0.998991957103028, 0.998396488852599, 0.998861206161307, 0.999418959410666, 0.998962440124947, 0.998796736064919, 0.999454076591104, 0.998708783861663, 0.998436546443367, 0.998719091946041, 0.998401048454647, 0.998123549960235, 0.999109713864851, 0.499955810220874, 0.499935429350514, 0.499964988543734, 0.500057602849922, 0.500001088000135
0.999792838332486, 0.999887960252507, 0.999892890526521, 0.999830313090869, 0.999807887408418, 0.999930733470869, 0.999819565739293, 0.999874966706375, 0.500278154421797, 0.999849657331521, 0.999623528180338, 0.00130653227584504, 0.630702766650344, 0.516052540199522, 0.499959270651284, 0.499937050711016, 0.499960186362556, 0.500056957216703, 0.500000364043202
0.999991425608648, 0.999884462257155, 0.999953506661292, 0.500683846527945, 0.999897614161072, 0.999700110208597, 0.99978315229904, 0.999460301270021, 0.999825204687162, 0.00118131969572085, 0.739433881434013, 0.720192689614794, 0.545437523171932, 0.458742962172919, 0.499959495432344, 0.499937283420802, 0.49997661287174, 0.500057223230515, 0.49999442161956
0.962418170631828, 0.967643629004896, 0.96454456474836, 0.961205039118527, 0.960080104111761, 0.960340056848289, 0.959353605481272, 0.309463108868577, 0.853615602269229, 0.834593519755817, 0.814447957476272, 0.759599389956314, 0.666148649377199, 0.467984261713356, 0.499958606675702, 0.499936243954429, 0.500095962396517, 0.500057048229655, 0.500004542182284
0.999802765760087, 0.999865028449035, 0.999965343224122, 0.999959862529303, 0.999887683036783, 0.999937915467637, 0.999931092836866, 0.999861851085607, 0.500739591801654, 0.999848148785276, 0.999926529646496, 0.999297016942615, 0.00169832012786658, 0.511923944577794, 0.499959319761375, 0.499935534988692, 0.499977458971094, 0.500057016512128, 0.500000527334178
0.96865193124772, 0.962783675963951, 0.964505537315005, 0.963206496119603, 0.962305217899512, 0.960781146581862, 0.956743639259576, 0.951530899241427, 0.955890194340384, 0.956301085774325, 0.945650378676221, 0.94756704517794, 0.116062214790603, 0.509992133237454, 0.499954888796062, 0.499923989288123, 0.499958925364738, 0.500066197364028, 0.499995967339172
0.962487475746001, 0.967537718465256, 0.964510946849842, 0.963210678126418, 0.962047840088352, 0.959479385552819, 0.958860541507991, 0.951505595198231, 0.954273116212311, 0.950584772134967, 0.947085365944176, 0.947006538930425, 0.938444821198383, 0.0636356913695024, 0.499952229786457, 0.499929372173735, 0.49996154998695, 0.50006629396571, 0.499991036285474
0.999916742288316, 0.999994321638022, 0.99980712611398, 0.999884194570658, 0.999887660127529, 0.999936912411208, 0.999818244211184, 0.500603897380554, 0.999897519331432, 0.999577840491777, 0.999879607871141, 0.00104154463530465, 0.579577350512209, 0.513785966862184, 0.49995948884984, 0.499937331450699, 0.499977504802254, 0.500056870262685, 0.500000440661248
0.999950919551126, 0.999961806029775, 0.999974270849536, 0.999965166076864, 0.999943032604096, 0.999958008446588, 0.999943507550838, 0.999980689930475, 0.000139762728615545, 0.725468544441966, 0.78026115592954, 0.701597441216437, 0.556111220753019, 0.990017954889497, 0.499959250687143, 0.499937425499177, 0.499977744885521, 0.500056872977828, 0.500002085452986
0.96865193124772, 0.96146908566284, 0.963602790278044, 0.963202475099219, 0.962641959368069, 0.959503385480976, 0.956743639259576, 0.950476080358748, 0.955520108486009, 0.950302663054517, 0.945651010623345, 0.951734313334767, 0.949322745331225, 0.938844093787338, 0.499954888796062, 0.499924089591111, 0.499958922647467, 0.500056970922421, 0.499996257922548
0.962224164479163, 0.449399711335674, 0.920645285400919, 0.916345438225071, 0.910857123631296, 0.907755444984155, 0.886941056448498, 0.874405308231858, 0.867045873252749, 0.832828035983744, 0.800176580902897, 0.766890471714997, 0.663246612702703, 0.510915648929484, 0.499958732669082, 0.499928284132107, 0.499956266003181, 0.500056955473327, 0.499993604482376
0.999874447438161, 0.999975423924034, 0.999979196490189, 0.999888882631659, 0.999959322944841, 0.999938569527929, 0.999923591861322, 0.999945902621298, 0.500292107678418, 0.999852094869171, 0.999869179157219, 0.999979294591631, 0.999655432223648, 0.000313806668586748, 0.499954874751359, 0.499937130808291, 0.499975839214933, 0.500057021294807, 0.500003797189259
0.504398593384862, 0.99900852726257, 0.998395522501308, 0.99885727539828, 0.999328662250341, 0.998447359537958, 0.998057172045621, 0.99945490201064, 0.998710878206534, 0.998370685790424, 0.998723585709243, 0.998387646950999, 0.00173988948528547, 0.521599901709391, 0.499955810220874, 0.499936976445297, 0.499963756829626, 0.500057606368509, 0.499994931451986
0.500772822076806, 0.999824572093713, 0.999643524927327, 0.999849207875141, 0.999727464328984, 0.999580177059317, 0.999939470663748, 0.999765628569786, 0.999825435769267, 0.00116749297083223, 0.999648816823892, 0.722562395903266, 0.575723456555136, 0.426593284522156, 0.49995921075107, 0.499938774683267, 0.499977414244138, 0.500057238748541, 0.499996323259977
0.500215671619731, 0.999690042645244, 0.999662525559946, 0.999810527429033, 2.72435034021079E-05, 0.999928718754387, 0.994088345194133, 0.898789872971414, 0.893173590694586, 0.50767823661229, 0.999641161727577, 0.763530068484439, 0.650014873466211, 0.010188426717854, 0.499959532320384, 0.499938737576267, 0.499977146031135, 0.50005604163797, 0.500002318313111
0.999870914415613, 0.999890413535677, 0.999832477479299, 0.500036593121824, 0.999891833891863, 0.999825433597805, 0.999931072154811, 0.999986433200093, 0.999838274224562, 0.999844364147807, 0.999745052137607, 0.999819650955389, 3.45006988590241E-05, 0.308806304121103, 0.499959017598174, 0.499937048600671, 0.499975683258221, 0.500057500222385, 0.500000076173064
0.99989298138098, 0.999974292665153, 0.999965164704187, 0.999967840123058, 0.500250443520892, 0.99988583638871, 0.999929737815827, 0.999865387885416, 0.000560514262407904, 0.851544189051907, 0.738847125846425, 0.738432690789151, 0.572089709962477, 0.386859960790677, 0.499959301990938, 0.499937287439719, 0.499979769102964, 0.500057174877862, 0.500002359925788
0.999986150252998, 0.999857113605845, 0.999969593949673, 0.999860762160422, 0.999933296447698, 0.999940931230901, 0.500980004613847, 0.999453894309721, 0.999841573128795, 0.9993897348803, 0.999068995701393, 0.999287861491917, 2.0825198954133E-05, 0.510608543061772, 0.499954715795181, 0.499936257162246, 0.499970598724049, 0.500057493415998, 0.500000333436997
0.999993517342465, 0.999980818779177, 0.999948810344558, 0.999898063163243, 0.999895567387457, 0.999937799377957, 0.999939227696844, 0.999954317922493, 0.999895687287821, 0.999993515487107, 0.500279175703889, 0.000660348797627546, 0.5482303984366, 0.00046950333925716, 0.499959187936385, 0.499937056846575, 0.499969733322607, 0.500057037075187, 0.50000083623991
0.999949982202536, 0.999887544874093, 0.999893582897112, 0.99999760776896, 0.999997324084139, 0.999959045858283, 0.999940502690391, 0.500559380386567, 0.00164976071648992, 0.844101348948434, 0.714239334217407, 0.77002104418866, 0.611427483056473, 0.528831985006117, 0.499960124747426, 0.499938647008596, 0.499979606330879, 0.500056965736514, 0.500000314371599
0.99999641657789, 0.999975399485627, 0.999989045523697, 0.999982986269927, 0.999985767764029, 0.00011261914006877, 0.997619437621562, 0.971537935624168, 0.77762583057482, 0.852081459823927, 0.766659669900166, 0.726464211629031, 0.682864756890061, 0.538077668959368, 0.499959759924606, 0.49993865445881, 0.49998095465818, 0.500056929555361, 0.500000718262239
0.999872315837756, 0.999974086928579, 0.999958493235908, 0.999851371177068, 0.999994506637996, 0.999803643911432, 0.999929279713203, 0.999867635756391, 0.999938211054365, 0.99984063882389, 0.999759382923415, 0.999939118782403, 0.000381207373760017, 0.451371312859069, 0.499952182972292, 0.49993728223925, 0.499979763976553, 0.500056932180097, 0.499994556820212
0.999928339946717, 0.500505065961516, 0.999979044389329, 0.999904537890649, 0.99982912657463, 0.999811739295697, 0.999940501075116, 0.999470097241102, 0.00137575484384246, 0.836235494865469, 0.778100872070731, 0.723154866398907, 0.64024986298878, 0.469105044203433, 0.499959457307503, 0.499936035249662, 0.499977480996702, 0.500056078099409, 0.499993900263836
0.999940451328408, 0.999706232984627, 0.502235954482688, 0.998855771505756, 0.99896973618626, 0.999265826473261, 0.999710081515659, 0.998669940091409, 0.999632306261416, 0.998693844081638, 0.999281587314699, 0.999209448361841, 0.998692211906929, 0.000220527624045707, 0.499955413980282, 0.499935316275215, 0.499975672345711, 0.500057373006638, 0.500000062154249
0.999950184862993, 0.99986040997178, 0.999899887236084, 0.99990527887946, 0.500763353647631, 0.999675993030978, 0.999819705874172, 0.00248494620466978, 0.84125625536886, 0.82309731462852, 0.780480594260916, 0.723067957982569, 0.571625144232492, 0.555651548282781, 0.499959716817953, 0.499937295604616, 0.499977482334115, 0.500056085221731, 0.500000699164121
0.500450792963126, 0.999887829957275, 0.999893962025422, 0.999830190405895, 0.999807617910092, 0.999870609314438, 0.000718090150332418, 0.99846348946445, 0.833010251570316, 0.802872334949969, 0.777304345838911, 0.763886305613079, 0.620538986991433, 0.502954361319905, 0.499960199739831, 0.49993723977399, 0.499977413776602, 0.500056029722684, 0.50000036115836
0.999956386566946, 0.99997803104402, 0.999888484073343, 0.999830336880171, 0.999811210128335, 0.999787362912057, 0.500994325592723, 0.999980899215941, 0.999651477726104, 0.999526578128248, 0.00265945673364276, 0.747290987258507, 0.647705704355687, 0.533266883143991, 0.499959332972787, 0.499937062358275, 0.499977150641203, 0.500057295970992, 0.500003021394714
0.999954088741673, 0.501180705194724, 0.99964556542475, 0.999812996603772, 0.999730974993829, 0.999639553900629, 0.999532012487803, 0.00247778507774093, 0.850517582630104, 0.853189449136471, 0.813583867865842, 0.698079867323985, 0.61372641768378, 0.470323683533077, 0.499954784182478, 0.499936028956627, 0.499978047508558, 0.500056022085473, 0.500000451695908
0.500335370705685, 0.999872710359788, 0.999644345047137, 0.999822389715515, 0.99983133546006, 0.000288647586897135, 0.99530074882742, 0.973729937624833, 0.999050895747141, 0.836624766632577, 0.796210093643019, 0.74749080679611, 0.650835678465517, 0.53167441030727, 0.499959334251333, 0.499938688519999, 0.499977532593768, 0.50005701060094, 0.500002418276432
0.999874080264448, 0.999973079732959, 0.500496594408756, 0.99975223481109, 0.999810970789895, 0.999683708499525, 0.999708382132269, 0.999744491000454, 0.00034722390721148, 0.994636077876964, 0.789216477287271, 0.995753982104619, 0.703197713105553, 0.451367992913034, 0.499959265958748, 0.49993760348424, 0.499977693067514, 0.500057878443427, 0.499994695597752
0.500773759953509, 0.999281205910517, 0.999798989573267, 0.999860559074957, 0.999834754993915, 0.999678975202934, 0.999677770136275, 0.999721678397952, 0.000732271770224385, 0.724704551657453, 0.840766929026275, 0.494060151696237, 0.544576956394811, 0.52278239274512, 0.499959291039849, 0.499937243349737, 0.499976849968687, 0.500056962174323, 0.500004506730089
0.999993001460046, 0.999892254110931, 0.999965630935207, 0.999875894144081, 0.999991338345789, 0.999929846254111, 0.999923600918244, 0.999740008112836, 0.999939277411692, 0.999924353103491, 0.500277728816309, 0.999552138860741, 0.000106062193260619, 0.274300862079553, 0.49995920669725, 0.499937166646307, 0.499977948335911, 0.500057013240972, 0.500000526625363
0.999899106162494, 0.99989582073938, 0.500721534544873, 0.999898772419843, 0.999880007723213, 0.999686771491295, 0.999525244394064, 0.999867978123558, 0.999966608229963, 0.00140378324479506, 0.832983189061487, 0.748603675548348, 0.679367641106009, 0.394413747430114, 0.499959452196452, 0.499936077412569, 0.499979736215273, 0.500057020034577, 0.500001064478271
0.999918496356413, 0.999769680581437, 0.999929396578988, 0.501568084357001, 0.999466035810365, 0.999541635935242, 0.999543857043393, 0.999078073906669, 0.999403239819299, 0.999533953451944, 0.00201984037521359, 0.808033360278547, 0.613782911365315, 0.47373964756961, 0.49995916110812, 0.499935452255418, 0.499976873353699, 0.50005725919753, 0.50000056668894
0.999922464620823, 0.999974917198876, 0.999897865072968, 0.999962332526824, 0.999886205287594, 0.50263160094982, 0.999282248273537, 0.999260249104024, 0.99922754522581, 0.998540341376191, 0.998176424829594, 0.998175149079511, 0.999021493746423, 0.00170186661469054, 0.499953688146121, 0.499935463127534, 0.500037543103812, 0.500056962326605, 0.499994163567138
0.999762257318647, 0.999856225769036, 0.999908189283146, 0.502960346222336, 0.998963673082941, 0.99871513298998, 0.998407525279169, 0.99934592706586, 0.999260149670146, 0.998489643730323, 0.999337389470921, 0.997938588695652, 0.99867848961002, 0.000880418422315621, 0.499952584966678, 0.499936993962445, 0.500035002014464, 0.500056878829372, 0.500000846006299
0.999993340826116, 0.999869295283473, 0.999978799994072, 0.999939240237731, 0.999884801091842, 0.500083493869579, 0.999939314663562, 0.999996712905106, 0.000455184934939214, 0.78798484774863, 0.77579314327353, 0.708590971106301, 0.571140638417171, 0.405370538491692, 0.499959270649125, 0.49993725111746, 0.499980967637123, 0.500056742300326, 0.5000020741525
0.999996670734264, 0.999868416427626, 0.999965607376018, 0.99989406569183, 0.999894597460417, 0.999937988179527, 0.99981460219659, 0.999863451160169, 0.999896936839179, 0.999988227462477, 0.999923346586497, 0.000121137586335368, 0.490801029396596, 0.0226239244443989, 0.499959726462469, 0.499937077840119, 0.499977148463297, 0.500056867769656, 0.500000625180909
0.99998810951225, 0.999831102652725, 0.999979911061693, 0.999855180092713, 0.99990176462907, 0.999939997758683, 0.999917687138625, 0.99995394626493, 0.500292107678418, 0.999843484000069, 0.000835789790973071, 0.998855245338898, 0.677882344543437, 0.520219768940657, 0.499959305568132, 0.499937389606776, 0.499977240247867, 0.500057021810838, 0.50000022082651
0.999995357022854, 0.999970537512878, 0.500210181482335, 0.999871634856908, 0.999886147457836, 0.999913995800359, 0.999944374230555, 0.999932097211124, 0.99992942106542, 0.999865584928366, 0.999856102502164, 1.68518985071243E-06, 0.485079460091715, 0.99515818031766, 0.499959211967081, 0.499938836696213, 0.499977825180286, 0.50005611602976, 0.500000822165587
0.999995232967881, 0.50022143001669, 0.999878168777064, 0.999871920033409, 0.999888662269975, 0.999888117705815, 0.99994659572537, 0.999818648643425, 0.999896705342785, 0.000601220486941844, 0.673623111399188, 0.757819135936343, 0.505865771601151, 0.505365752892124, 0.499955490719558, 0.499937316760007, 0.499977257248759, 0.500056868140051, 0.500002261814808
0.999792606414809, 0.99997516877088, 0.99950372684605, 0.500872706358507, 0.999934427690227, 0.999667419756473, 0.99992439884752, 0.99976301526301, 0.999623973671519, 0.999510780709146, 0.999756383954545, 0.999532523524545, 0.999667373774357, 0.999246074293017, 0.499959534215713, 0.499937661242551, 0.499979800667651, 0.500057629370874, 0.500002413091052
0.999956316136709, 0.999890347996416, 0.999836431228843, 0.999830254103559, 0.999831516132081, 0.999930086804123, 0.500894830095348, 0.999736571585164, 0.999651356987272, 0.00245419299468844, 0.718633456518932, 0.74591306594214, 0.562223543846799, 0.536681298455438, 0.499959117532656, 0.499937086599461, 0.499977435429354, 0.500057263425107, 0.500002988397422
0.999991169336197, 0.999959016449984, 0.999980454634751, 0.500154737135979, 0.00050550456657516, 0.898715425505779, 0.880919190871824, 0.865015960639338, 0.999244095964592, 0.835892132456907, 0.726525221907182, 0.773746158189948, 0.562973987464304, 0.521511784460046, 0.499959291655425, 0.499938779482174, 0.499980576878642, 0.500056724731143, 0.500000892448386
0.999925919651839, 0.999890417431237, 0.999945134248567, 0.500683865763857, 0.999888210896029, 0.999558220062756, 0.999784641176955, 0.00163664727021862, 0.859164915468238, 0.999852193053583, 0.861861845132069, 0.725211720010716, 0.702873197186061, 0.50004899855398, 0.499959450887845, 0.499937419449243, 0.499980944981861, 0.500057504449408, 0.499994764221578
0.999674577700012, 0.501713302208749, 0.999698565786413, 0.999660615181697, 0.999324423758393, 0.999789032151482, 0.999783145488019, 0.999460286353269, 0.99984784712793, 0.999389833868949, 0.999101660525192, 0.999275032182864, 0.999299210320276, 0.000911026252163074, 0.499956299563155, 0.499936256379498, 0.499962252891779, 0.500057071063347, 0.500001057866454
0.999779219633248, 0.999864686526236, 0.999964699814664, 0.999825961806153, 0.999897877067356, 0.99992999326653, 0.999680240540087, 0.501503185394357, 0.999446231570228, 0.998950487251982, 0.999924567765528, 0.998773813273296, 0.00209565434066633, 0.513527327724268, 0.499958660656405, 0.499937177581955, 0.499961910943869, 0.50005733238793, 0.500000379626502
0.999997658973181, 0.999998982115862, 0.999999640143258, 0.999996069019537, 0.500041896838092, 0.00011261914006877, 0.87290811256638, 0.902015972601593, 0.869600017318798, 0.723566613095055, 0.747925887468097, 0.771664948734388, 0.592807480347864, 0.481295610293708, 0.499959262071792, 0.499939449041755, 0.499977121601261, 0.500056975019474, 0.499996524594357
0.999951203414669, 0.500508683057418, 0.999900974152029, 0.999940668094832, 0.00160366927814736, 0.902212291093001, 0.880956967606562, 0.874160014864112, 0.848210184889148, 0.836250262711385, 0.873984909217775, 0.713034970379787, 0.568611976268795, 0.356515530450599, 0.499959480315514, 0.499938859213897, 0.499980844268455, 0.500056421758542, 0.500002195231253
0.999790828174109, 0.999887513977562, 0.999805371996628, 0.999887354986169, 0.999891814487444, 0.999936996329638, 0.500975096558719, 0.999742941229132, 0.999654384739263, 0.999276212105064, 0.999771612731991, 0.999213373406713, 0.999329086618771, 0.999292542762151, 0.49995917014035, 0.499937197565574, 0.499975526171401, 0.500056897968401, 0.500000402752286
0.999898942057812, 0.999976525061749, 0.999963721567539, 0.999941508890741, 0.999887481291942, 0.500644172574317, 0.999939587830178, 0.00209940901193839, 0.812806582002652, 0.724865477036712, 0.808828066891458, 0.712301805433803, 0.583830280164634, 0.523357048713951, 0.499952398428121, 0.499937056958729, 0.499981019871672, 0.500057185586825, 0.499996351862647
0.999988856320142, 0.999997801613744, 0.999949851497028, 0.999883904426299, 0.999991213051133, 0.500082731292109, 0.000429487079411373, 0.966354632564962, 0.854822566543846, 0.796751838513247, 0.765798535720283, 0.983621074777395, 0.610885467781399, 0.500026037563162, 0.499959034449634, 0.499938637006118, 0.49997975869734, 0.500056866549735, 0.500000603664984
0.999994375106877, 0.999684970330934, 0.999935566766914, 0.999833374749865, 0.999886252561122, 0.99978886068971, 0.999926632126587, 0.999934850459528, 0.999832563028206, 0.999566769266326, 0.999856449919378, 0.500673493916058, 0.999504992804763, 0.00108653303352885, 0.499959374096394, 0.499937281509959, 0.499961830866352, 0.5000568680042, 0.499994167797572
0.999996049337434, 0.999998494683768, 0.999982126938018, 0.999997245014773, 6.07606408509209E-06, 0.999949777201037, 0.872791086400934, 0.898284184251341, 0.870864950580802, 0.833556603107492, 0.00562865252686479, 0.843056748947, 0.589369126654164, 0.44897365232675, 0.499959764550049, 0.499937662268475, 0.499979764262926, 0.500056861178514, 0.500000657039148
0.999996457708218, 0.500053443919357, 0.999956897913352, 0.000130121839501882, 0.912469861438288, 0.99976119130926, 0.888477926661096, 0.911513181233238, 0.859896923527844, 0.805128227159428, 0.878445723669802, 0.714102731220029, 0.621272499295688, 0.488100790465085, 0.499959199187172, 0.499938797894536, 0.499981250466159, 0.500056116040729, 0.500000940493568
0.999999326562425, 0.999998978534439, 0.999999903999393, 5.84483815177548E-06, 0.999885579380445, 0.96097644674119, 0.999923609170465, 0.855054468920292, 0.915399299012442, 0.724906813604931, 0.812725855712252, 0.464548659107055, 0.592190389619669, 0.356057207355821, 0.499959305291652, 0.499937720647835, 0.499977701894794, 0.500056853513021, 0.500003778607366
0.999970054425562, 0.999975479465897, 0.999981772688525, 0.999942364728012, 0.99997320921054, 0.999939102539308, 0.000413931295852657, 0.903261201638295, 0.870638755953642, 0.832906720350393, 0.827469679699341, 0.711593535472833, 0.682994319740903, 0.447959459043807, 0.499959757421842, 0.49993880204504, 0.499979692725779, 0.500056862193027, 0.500000630276087
0.999928444600011, 0.999699157104396, 0.99983275817968, 0.9998309175411, 0.999897746608734, 0.999790103706072, 0.999822216981526, 0.999964159596221, 0.999839046720579, 0.99971576926663, 0.999807088792581, 0.999919050783961, 0.999789890644543, 0.000488357227188839, 0.499959181533789, 0.499937686874762, 0.499963683844931, 0.500057324789564, 0.500001059996747
0.999951408730321, 0.999887579275149, 0.999951162312808, 0.999994076644635, 0.999783868090259, 0.999942551868993, 0.999868473426348, 0.99975446301027, 0.999783475431451, 0.500925235944529, 0.999097768244697, 0.999576470333912, 0.999304943806241, 0.00095489053186576, 0.499959234658731, 0.499937692938258, 0.499976469543537, 0.500056868338514, 0.50000235047487
0.999874411854602, 0.999968229523573, 0.999948329883894, 0.999975010028446, 0.999893384449573, 0.999888501201749, 0.999929086182679, 0.999818083725337, 0.999979053894161, 0.999980136415147, 0.000293722435089609, 0.496449702831295, 0.703640952058888, 0.505144366155691, 0.499959757937821, 0.499937624209242, 0.499977157915606, 0.500056872964994, 0.500002350207912
0.999996638201117, 0.999868436245219, 0.999971241459321, 0.999893925492601, 0.99988253999561, 0.999937975833693, 0.50058424837681, 0.999864058216769, 0.999907091208884, 0.999855683920474, 0.999923280012871, 0.0013187397921223, 0.566872508842273, 0.345502153251992, 0.499954734105584, 0.499937077840119, 0.499977341633884, 0.500056875011892, 0.500000589582493
0.999672176991658, 0.999856969611808, 0.999958767706794, 0.99983030480668, 0.500823255259738, 0.999793300867808, 0.999931047919096, 0.999365876097941, 0.999794903694558, 0.999868639235066, 0.9999249621486, 0.999296593241544, 0.999571200719064, 0.999768937268581, 0.499956286909231, 0.499937278070219, 0.499977698283872, 0.500056864179481, 0.500000338433609
0.999928406293519, 0.99995696620679, 0.999948132715362, 0.999966086244459, 0.50024785505939, 0.999942036362304, 0.9997072379171, 0.999810089949191, 0.999931868840308, 0.999963439381119, 0.000256997896681595, 0.72785733837022, 0.586096872823378, 0.527042676521098, 0.49995944641228, 0.499936722163226, 0.499979482276227, 0.50005686114781, 0.500000367023112
0.999999453737878, 1.4606825605834E-05, 0.999424954947002, 0.961663433758312, 0.999888210144365, 0.921782637395161, 0.869913355920492, 0.902446258968245, 0.90941418179235, 0.830774216856326, 0.614104343816987, 0.752659240518649, 0.65056642305566, 0.466509436520893, 0.49995977030561, 0.499938682654077, 0.49998098186429, 0.500056068350764, 0.500001045339044
0.99999604375332, 0.999990517308121, 0.50252871273189, 0.998840181270498, 0.999792880578272, 0.998610429720683, 0.999421485926723, 0.999366731237206, 0.999245545315251, 0.99864222869651, 0.999323301661233, 0.999054805012541, 0.998469098881878, 0.999223420109692, 0.499959632861994, 0.499937197612871, 0.499964957251402, 0.500056825868638, 0.499994589088674
0.999899880709909, 0.99996172110145, 0.999949364450877, 0.999998191086261, 0.500272120504139, 0.999890445131679, 0.999924610952469, 0.999920149703783, 0.99994135237514, 0.000589993130635912, 0.87255874147907, 0.749360003975514, 0.586667420796312, 0.497921821695992, 0.499959741045517, 0.499937368829014, 0.499977167711699, 0.50005641718514, 0.500002345275305
0.999951571301627, 0.999825238320425, 0.999900180229906, 0.999847236546702, 0.999833581094867, 0.999935371056084, 0.999924967593449, 0.500558293033186, 0.999642796632784, 0.999451308311687, 0.000837803868924716, 0.727178821615606, 0.577398419339561, 0.511999416909141, 0.499956168644846, 0.499937122976428, 0.499977578375004, 0.500057880326462, 0.500001164751368
0.999898223988727, 0.999967125639416, 0.99997834557613, 0.500681676100089, 0.999830809238857, 0.00253720378469541, 0.963624952940555, 0.902071441319664, 0.861496355317038, 0.835056704450921, 0.761811838854266, 0.764482089642063, 0.679759098464912, 0.460383586522405, 0.499959206209998, 0.499938852299741, 0.499977148986363, 0.50005686465009, 0.500000651705727
0.999657061500125, 0.50354843777388, 0.999775918270402, 0.99959664504763, 0.998670241294568, 0.999285004162539, 0.998894037158346, 0.999491580458019, 0.998724875386097, 0.998952520641314, 0.999250110284504, 0.998775658530579, 0.998480404726201, 0.998287383682915, 0.499954986635503, 0.499925302992867, 0.499979772145963, 0.500057348800987, 0.500001470483432
0.502271363335421, 0.998992447136001, 0.998371691748001, 0.999181879638494, 0.999892945849702, 0.999606541293293, 0.999787664832686, 0.999454064372329, 0.999358859897539, 0.998437964263849, 0.999449740398646, 0.00135609099897227, 0.573163189975813, 0.689976163754583, 0.499954678496929, 0.499937261162803, 0.49996501023307, 0.500057045979171, 0.49999441202918
0.999919479559367, 0.999864229607936, 0.999964213793571, 0.999964508604859, 0.999963966950189, 0.500145616413348, 0.999919745749442, 0.999989835820493, 0.999845592261236, 0.000274211631901245, 0.670974606452021, 0.997836506803176, 0.490185813527275, 0.488300068343167, 0.499959141101441, 0.499937057769664, 0.499977235276427, 0.500056860148572, 0.500000830547302
0.999790110584963, 0.999976498259614, 0.999963923293652, 0.99982468996062, 0.999884152066407, 0.999958102636411, 0.999928970357465, 0.999911558207446, 0.999880946106269, 0.999849831536631, 0.500725701428115, 0.999576564801241, 0.999612953929164, 0.999238774315253, 0.499959278575789, 0.499937105903791, 0.49997723275325, 0.500057182279506, 0.500000400166684
0.999871299886642, 0.501180705137576, 0.999735249021102, 0.999789805517686, 0.999733394840727, 0.00335973232144698, 0.946453061983785, 0.897522181405428, 0.917914998501547, 0.869100251169666, 0.782245472037478, 0.772067196836616, 0.697098881434233, 0.519435962690994, 0.499959314009157, 0.499938706103904, 0.499977565911344, 0.500057513216252, 0.500000985551934
0.999889650309868, 0.500908935615334, 0.00361197193358814, 0.997375854217692, 0.892698399379992, 0.883839347769608, 0.893573712484399, 0.899363587286243, 0.86443880495628, 0.834177565538785, 0.773960200572441, 0.737206421921825, 0.695981489582031, 0.449423605999317, 0.499959776891558, 0.499938656260211, 0.4999775590553, 0.500056900419296, 0.499993081142672
0.500044708592331, 0.000223303749441794, 0.964086179181331, 0.924969575473478, 0.915001177278955, 0.946848935368497, 0.958251490012593, 0.864751328165104, 0.847788059852126, 0.94792958325405, 0.800649600429068, 0.746895059690719, 0.645059048235367, 0.521516462571022, 0.499959730205014, 0.49993746741251, 0.499978366139797, 0.500056724630019, 0.500000575834115
0.999988918884079, 0.999998788803804, 0.99988276564744, 0.999865256976901, 0.501514561663736, 0.999622539704605, 0.999799711505441, 0.999503196923314, 0.998723613806282, 0.999837169325064, 0.999769587745588, 0.00292593905139796, 0.609978171505798, 0.386938459654673, 0.49995883812675, 0.49993681130836, 0.499971380082301, 0.500057586894592, 0.500000572517541
0.999903621753669, 0.999976526662956, 0.999972989061547, 0.999885146293213, 0.999983520595787, 0.999949996008674, 0.999924322607717, 0.999982044801574, 0.500292438109444, 0.000583114726915385, 0.71493326270986, 0.989564647376794, 0.568834833658219, 0.500812062233366, 0.499959747545037, 0.499937370451535, 0.49997566090084, 0.500056855480746, 0.500002368938789
0.999976033563478, 0.99997553738216, 0.500497185224219, 0.99996075038143, 0.999686275589353, 0.999888932514875, 0.00149111112985384, 0.948379361702042, 0.814511056519826, 0.851952529514897, 0.770305063081511, 0.76331413724362, 0.664860540522046, 0.500989585755743, 0.499958920069615, 0.499938636774173, 0.499977018349023, 0.500056720339475, 0.500000465270219
0.999778926975648, 0.99995330978722, 0.999894948144221, 0.999853644553511, 0.999901232612965, 0.999680681743786, 0.999924235955184, 0.999786386524799, 0.999841064478459, 0.501106831520332, 0.00333487429496548, 0.712881107402588, 0.553647955520145, 0.514897293781382, 0.499959444510824, 0.499937279328525, 0.499977499259825, 0.500057255346922, 0.500002257707871
0.999777800017265, 0.999850031586804, 0.999933353494069, 0.999823596340468, 0.999805530280226, 0.501407656699214, 0.999824529724446, 0.999914102991791, 0.999655242183505, 0.998721033483685, 0.99910070971332, 0.998822093857771, 0.999636536073941, 0.999015206869661, 0.499954701288838, 0.499936246569664, 0.499970485253626, 0.500057500342304, 0.500000294729596
0.99986388186286, 0.999646369961644, 0.999696010265663, 0.999813772790103, 0.999851431264941, 0.999784299001197, 0.999747795888276, 0.502238168418517, 0.998731400556497, 0.99869467832809, 0.998223860590132, 0.998785504705584, 0.999677921383502, 0.0015051344969503, 0.49995923368797, 0.499936997080547, 0.500035664534538, 0.500056877261964, 0.499996863216244
0.999926268768401, 0.999883375655234, 0.999928842652576, 0.999964449296244, 0.999963232823818, 0.999958195759935, 0.500320778863453, 0.9997828306833, 0.000726421963308965, 0.706077932490107, 0.978096892917181, 0.996354829506984, 0.615102381726825, 0.528854169853025, 0.499959372480539, 0.499937069919927, 0.499978439849552, 0.500057050298242, 0.500002357676731
0.999999900279745, 0.999972353526802, 0.500242490308089, 0.999799189407547, 0.000503514947136035, 0.999954315878018, 0.880913487565592, 0.873188801452233, 0.999984164347991, 0.868883931216924, 0.999861984656895, 0.77218721417825, 0.696833308542579, 0.495372570045397, 0.499959210218023, 0.499938658278016, 0.499980908178982, 0.500056143625956, 0.499994734097476
0.999997085886144, 0.500505445888863, 0.999790872627999, 0.999833358196603, 0.999829502065388, 0.999811903605073, 0.999926274652971, 0.999786733900272, 0.999776009269484, 0.999717587586797, 0.999942717771572, 0.000383655417841022, 0.644868606807555, 0.485381130380795, 0.499955490339861, 0.499937060542421, 0.499977132332814, 0.500056748115152, 0.499993992498033
6.19202790708151E-08, 0.968955099421176, 0.999445305887622, 0.960174636959593, 0.999613684430425, 0.959217383024666, 0.957014616465513, 0.875355262533191, 0.850790577512107, 0.988649792838748, 0.723044753207315, 0.986975667525431, 0.651088751487222, 0.51632482757982, 0.499960272580767, 0.4999402674752, 0.499982194522822, 0.500056069575007, 0.500000749762759
0.999999537352318, 0.99999894230259, 2.25847189663435E-05, 0.969281249348004, 0.999786012989814, 0.998640653062294, 0.998364034317612, 0.904347617459482, 0.986743846793918, 0.830770588377785, 0.705825280359687, 0.703462003406125, 0.449113842061068, 0.521270206527516, 0.499960375531488, 0.499938703629078, 0.499978855416372, 0.50005690533888, 0.500002262854841
0.964038605267286, 0.968840403731481, 0.963483313143506, 0.959865109963811, 0.962066102238128, 0.958273708285186, 0.957683792585784, 0.95560972938236, 0.953330963518258, 0.232266832224479, 0.798246417692362, 0.746508124235638, 0.670717552645862, 0.498595673403244, 0.49995924275141, 0.499896431883152, 0.499970888619475, 0.500062715581711, 0.500000935376224
0.499964695421724, 0.999997721093758, 0.999980878243491, 0.999933100476392, 0.999969138847365, 0.999979091599648, 0.99999197607451, 0.000307004052456789, 0.864734120514475, 0.789842372941019, 0.775661929368204, 0.737256293232733, 0.64278080913289, 0.3552896501077, 0.499959788059323, 0.499938702569649, 0.499978727113453, 0.50005674348154, 0.50000195208134
0.999921844455076, 0.999998538088694, 0.999897637878563, 0.999887358671356, 0.999893565165281, 0.500082731292109, 0.999929068120348, 0.999923253737063, 0.999926230088979, 0.999869916726353, 0.000566821763710479, 6.75286586420006E-06, 0.997653052397384, 0.00206472676598347, 0.499959754826633, 0.499937257782477, 0.499977154740306, 0.500056861495899, 0.500002203580076
0.999928446188587, 0.99988728770729, 0.999832812424024, 0.999832401905417, 0.99989775724115, 0.999785776120734, 0.500994318116288, 0.999965486149314, 0.999839103284955, 0.999522090191497, 0.999812037651089, 0.999260948410265, 0.999307347772967, 0.000838069209075796, 0.499959249106172, 0.499937693798961, 0.499976788111937, 0.500056726115167, 0.50000293103332
0.999789273171791, 0.999987154068855, 0.9998337438858, 0.999830516182315, 0.500378308591538, 0.99994796251022, 0.999931000061183, 0.999910034543618, 0.999840077492495, 0.999925074703786, 0.999923585524091, 0.999274891582162, 6.70267032282137E-05, 0.488506713305956, 0.499958927586451, 0.499936258904786, 0.499961593743216, 0.500057619143607, 0.500000498128698
0.999899829805651, 0.99998411912717, 0.99996392427328, 0.999830777824114, 0.999898072728721, 0.999930220113733, 0.999944141141812, 0.999911248870938, 0.5009957311163, 0.99912505546436, 0.999683052891078, 0.999598599987198, 0.999620087453916, 0.998679269176302, 0.499959276253645, 0.49993727280395, 0.499977786288125, 0.50005723878144, 0.500001978582885
0.96450106673007, 0.96801173220021, 0.962635012065411, 0.963797245113129, 0.962126337922994, 0.958043986815957, 0.382440900192307, 0.871274243385972, 0.848573925980395, 0.832249606783286, 0.795583370372994, 0.756694300189898, 0.664778179110336, 0.512407540703641, 0.499959702582703, 0.499934982895135, 0.499970865403329, 0.500056941508471, 0.500004756992437
0.500450792963126, 0.999881579073676, 0.00101083896939158, 0.974464275973476, 0.967464146938242, 0.998339136198528, 0.861274456719996, 0.744748156203275, 0.865322568476902, 0.97397085724271, 0.774496321316172, 0.737112295483963, 0.660085378915178, 0.449363098270424, 0.499959785246181, 0.499938653935443, 0.49997864616839, 0.500057206439508, 0.500001950780303
0.499963613109002, 0.999999636988642, 0.999997117123593, 1.50038454144186E-06, 0.999983675665454, 0.449875912414534, 0.0549273054367672, 0.912491613396675, 0.90973611452412, 0.830729225174211, 0.942908277252957, 0.0523989108067951, 0.497708302804826, 0.468642400404225, 0.499959307422895, 0.499938791403022, 0.499980975931531, 0.500056091657067, 0.500000636503206
0.999755851295448, 0.999868632660189, 0.999694670360242, 0.999549483044742, 0.999844356102926, 0.999562430025412, 0.999372486356218, 0.502558964110476, 0.998730128312734, 0.998558354181308, 0.998192384693164, 0.998636229052542, 0.998458330115865, 0.998486280407751, 0.49995271618376, 0.499935438670016, 0.499975259398017, 0.500056877261964, 0.50000115082113
0.999922345334216, 0.999999381311602, 0.999897753539795, 0.999887358671356, 0.999903131643013, 0.500082731292109, 0.999924332524201, 0.999928117239198, 0.999926230088979, 0.999869730784569, 0.999876273452115, 6.75286586420006E-06, 0.999023187639525, 0.00206472676598347, 0.499959244226823, 0.499937257782477, 0.499977024418123, 0.500056861495899, 0.50000219940756
0.999999462693981, 0.999859661309835, 0.500497582815245, 0.99989424949266, 0.999830219519882, 0.999852311734431, 0.999819166847177, 0.999867567956179, 0.999442148137907, 0.999882154688995, 0.00113669275616495, 0.749612327982959, 0.573016303182859, 0.525520790513093, 0.499959734405177, 0.499937253787106, 0.499977097655542, 0.500056832436664, 0.500003696495475
0.999876425112858, 0.9996906385999, 0.999663327058284, 0.999832180023218, 0.999733523233664, 0.999817022397827, 0.999786787708778, 0.999785379825841, 0.999635521199663, 0.999718428799901, 0.999855431856092, 0.50127675701269, 0.00295662433132543, 0.499711917667649, 0.499959376984568, 0.499937060064771, 0.499977136801592, 0.500057041761895, 0.499994070938401
0.999900695102383, 0.9998305170692, 0.500786844584479, 0.00319370227632789, 0.904809156153765, 0.946842904862145, 0.889702815442487, 0.857343561457788, 0.849161242119095, 0.894081544472284, 0.812769093896064, 0.772793553885861, 0.732335946400328, 0.537201450882022, 0.499959731045946, 0.499937346543293, 0.499980877863564, 0.500056709442393, 0.499994717323899
0.999986940012277, 0.999964670387892, 0.999981561628337, 0.99996452124455, 0.999900685421601, 0.999937404923437, 0.999926871753033, 0.999934785941723, 0.999932823488602, 0.000431221396800574, 0.737371998374831, 0.995443329737242, 0.681786364669722, 0.511269028524238, 0.49995989257088, 0.499937321340498, 0.499977171695848, 0.500056975886437, 0.499993978453372
0.502103569684072, 0.999888076329282, 0.99996765223707, 0.999966155246594, 0.998951415521973, 0.999278591583114, 0.999955775674416, 0.999077992527034, 0.998703138117388, 0.999283386740217, 0.999336825664206, 0.999296188732491, 0.998692238414421, 0.000219027094034913, 0.499959074750385, 0.499935395736868, 0.499975551500498, 0.500057367350511, 0.500000519131777
0.99991596142578, 0.999969619280662, 0.999826573531548, 0.999966149556023, 0.999899441902824, 0.999936954790631, 0.999514732785559, 0.999887520815286, 0.999590156537683, 0.999537561371893, 0.999805203184398, 0.999725939013393, 0.500925545959835, 0.0015028338609533, 0.499959499402088, 0.499938730035038, 0.499977263997048, 0.500057027288633, 0.49999403437398
0.490083373965275, 0.924680228617348, 0.933010768701263, 0.921943985668757, 0.90779043189818, 0.905816926299407, 0.888935738287211, 0.872303145437453, 0.857010216339182, 0.837782693874537, 0.803536661452529, 0.766866956772501, 0.670240145829406, 0.514464385068135, 0.499958525942893, 0.499935027724832, 0.499977078889248, 0.500057090922083, 0.50000076857618
0.999785338650253, 0.999886962893723, 0.999834184687854, 0.999813946361681, 0.500823255259738, 0.99978573184851, 0.999930890283994, 0.999936382920399, 0.999793196082973, 0.999892111835179, 0.999773583968029, 0.999270539508429, 0.999307175803247, 0.000837307694148426, 0.499959240788557, 0.499937013213309, 0.499963697458555, 0.500056726182042, 0.499993689952218
0.999776776545221, 0.999961683460757, 0.999894253022104, 0.999884646589072, 0.999805662353178, 0.999694751471187, 0.99992389724196, 0.999724504693887, 0.999655930421124, 0.501625405971924, 0.999073664245589, 0.998630734562399, 0.999626568562662, 0.998483679304806, 0.499954639220457, 0.499935441833474, 0.49997058079629, 0.500057082929657, 0.49999437882055
0.999976350806643, 0.999968119868893, 0.999960257428046, 0.500154034104867, 0.999915147359921, 0.999937862654273, 0.00042474372896703, 0.991172630613111, 0.994816231577832, 0.97877060010388, 0.706413662609045, 0.738290708334372, 0.645803510142666, 0.500988612588855, 0.499959651498508, 0.499938645582502, 0.49997874060314, 0.500056025473985, 0.500002265894961
0.999873117885857, 0.999641685125325, 0.999504963480231, 0.999851665538722, 0.999902133664291, 0.999801012450908, 0.999744540352675, 0.999867878276468, 0.999949366867207, 0.99992240594242, 0.999905149564784, 0.999536999950425, 0.999667373774357, 0.99978454935645, 0.499959237034442, 0.499937661242551, 0.499979800667651, 0.500057604392787, 0.49999476814631
0.999974565788792, 0.999958407367498, 0.99998113115008, 0.999996599997796, 0.500248787587167, 0.999959856609037, 0.000780000752230264, 0.865805208850863, 0.851111684385088, 0.836719393983952, 0.833098122740075, 0.728453660636849, 0.552045458012553, 0.527470203849333, 0.499960233594067, 0.499938644979817, 0.499979606537855, 0.500056732476684, 0.500000883059104
0.964498752895095, 0.968013686809852, 0.952982941190266, 0.41601089463248, 0.918225057250679, 0.889030679884118, 0.883546611799448, 0.871274243385972, 0.848533462245712, 0.832249606783286, 0.795583370372994, 0.756411580483549, 0.660704936086814, 0.512532915800576, 0.499959702582703, 0.499934982895135, 0.499978139783421, 0.500056941508471, 0.49999493998335
0.966271648013008, 0.963763629345834, 0.964036300161449, 0.961856119815033, 0.962629534625519, 0.958973977209151, 0.959058071638228, 0.955592267895078, 0.274342573160337, 0.826674400508419, 0.804860413412913, 0.748310579531323, 0.657261765954641, 0.516537612817485, 0.499959022802953, 0.499928664124342, 0.499977434087982, 0.500056508058434, 0.500000977769792
0.999989637424118, 0.50023787622527, 0.999962166608807, 0.999916423371203, 0.999915031506154, 0.999870641930598, 0.000424857740343741, 0.991172432142459, 0.989264585290029, 0.787454339594781, 0.75852009899347, 0.608097958496314, 0.484818797947936, 0.504989737157406, 0.499959045543187, 0.499938645069482, 0.499979849203547, 0.500056080903129, 0.500000768616194
0.999762147926113, 0.501713090841087, 0.999697748271985, 0.999660615181697, 0.999685238321499, 0.999551329150365, 0.99992628762354, 0.99978701395483, 0.999643621003187, 0.999387579346754, 0.999240244701038, 0.999472265759036, 0.00223191780298346, 0.395708021892573, 0.499952686792101, 0.4999362337977, 0.499976307422475, 0.500057624939408, 0.500002410857894
0.964001528231897, 0.968950474794996, 0.963631561990663, 0.963960113485421, 0.962627626812783, 0.959479419789588, 0.957674758327399, 0.958041545258494, 0.955514677189454, 0.956182906146777, 0.945158341020383, 0.159434928796162, 0.652058556795965, 0.514034941512788, 0.499959135718598, 0.499925679528777, 0.499972124971596, 0.500056990441378, 0.500000556569353
0.965307980021439, 0.965537426799685, 0.962621045066547, 0.965638931865759, 0.400906410785499, 0.905155520077916, 0.888794799570474, 0.871584187866833, 0.857677624930424, 0.832331003756774, 0.789709933796643, 0.740852752686846, 0.659391709856345, 0.498661461075291, 0.499959706889074, 0.499936979241682, 0.499969604828483, 0.500056992047863, 0.500004612915599
0.500682615818217, 0.999836307282245, 0.999892238466611, 0.999993813142452, 0.999746867652777, 0.999870447988879, 0.999745451152202, 0.999818791929651, 0.999703085181551, 0.999841426984774, 0.00082881516919886, 0.767293313090845, 0.498042571833366, 0.503135636473936, 0.499959745426747, 0.499937406555216, 0.499978433641078, 0.500056885674464, 0.50000023927688
0.999779089094311, 0.999968062232783, 0.999829991695798, 0.99986904448194, 0.999887671868898, 0.999788758697701, 0.999821696264491, 0.999885790741088, 0.999949207235023, 0.999878702733964, 0.999924013149008, 0.500417527393375, 0.999557588915014, 0.99956270750152, 0.49995880034905, 0.499938705638817, 0.499978023971219, 0.500057425763989, 0.500001941705567
0.999957918338519, 0.999998950717061, 0.500496821136151, 0.999889869338116, 0.999825586741582, 0.00141344877929578, 0.963292833590464, 0.999545012143268, 0.99856217922585, 0.812579194539378, 0.758525607018784, 0.723435375956491, 0.453370717539208, 0.42866509860268, 0.499959034325243, 0.49993864658316, 0.499977510647424, 0.50005607821193, 0.5000007099413
0.999848243917116, 0.999868439324155, 0.999965194043577, 0.99983570568482, 0.999885674933534, 0.999789525203726, 0.501899824284073, 0.00574369257496332, 0.858143045739143, 0.777465712344852, 0.813545277528843, 0.697939846381053, 0.613572397573446, 0.515195757782684, 0.499959092651215, 0.499936980465303, 0.499977697858955, 0.500056051623347, 0.500000421257189
0.965294918098781, 0.968303104662356, 0.421648345652013, 0.916128136767165, 0.918201252296951, 0.901326326268537, 0.884027054340971, 0.8744991643911, 0.856555417753403, 0.832304130355808, 0.792077391011191, 0.741300497690124, 0.664857960056677, 0.505138884510797, 0.499959754244787, 0.499927863439912, 0.499970979201692, 0.500056959811565, 0.500004607140937
0.999793759955263, 0.999888217801719, 0.999834869861954, 0.999825143186742, 0.999887852978854, 0.99975982201117, 0.999837891424187, 0.99997105826032, 0.99978050242583, 0.501043909221646, 0.999329248249495, 0.999057963366648, 0.00168640274315612, 0.514901711062632, 0.499959152395827, 0.499937166173268, 0.49996168870381, 0.500057248008304, 0.499993831151758
0.999789562303252, 0.999988542901742, 0.502534543433032, 0.99885726862125, 0.999867323987686, 0.999937609563627, 0.998066190661623, 0.999876418762065, 0.999634426815656, 0.998682134637594, 0.999459385692111, 0.999297775915652, 0.00171112910382368, 0.53210598929753, 0.499951967216183, 0.499937056894842, 0.499975677902859, 0.500057652411348, 0.500000072693903
0.964036540386832, 0.963748754023923, 0.962084277127072, 0.963954510790022, 0.962637711948808, 0.959479375604795, 0.958965936698676, 0.955549703926076, 0.953361182777772, 0.951708595072168, 0.193799216681471, 0.749227894946123, 0.673422611286628, 0.513848796717096, 0.499952231234319, 0.49993722202513, 0.499972090624524, 0.500057015543081, 0.500000999945104
0.999755917357684, 0.501713477865352, 0.999735045962955, 0.999546695242914, 0.999684109115378, 0.999550566588744, 0.999375282934232, 0.999650455079961, 0.999561830435445, 0.99939503392092, 0.00291190030077504, 0.695206523067372, 0.555808509715017, 0.395629071076831, 0.49995943499509, 0.499935975563043, 0.499975837175161, 0.500056936862445, 0.500001069824505
0.999752823519604, 0.999975126021425, 0.999834164311452, 0.99993620970668, 0.999891919022168, 0.999851790741614, 0.999931698571339, 0.999756893191015, 0.999631682066452, 0.99981071250089, 0.500913234294096, 0.99927995788028, 0.999250485481267, 0.000985030915951699, 0.499959747187354, 0.499937372977696, 0.499963666530266, 0.500057312466884, 0.500003703443471
0.966147571783386, 0.968568746788499, 0.963479492080775, 0.960085509606939, 0.957130515789975, 0.371232718876575, 0.903996738943405, 0.872287763407541, 0.856544467111884, 0.83410068168957, 0.795463367302611, 0.756903201022564, 0.657318912516377, 0.498649803952019, 0.499959720672507, 0.499928800182769, 0.499958289966075, 0.500057061061606, 0.500004758337048
0.999899583879275, 0.999977687943463, 0.999931854727181, 0.999830231887339, 0.999995066233871, 0.999958615873635, 0.999822090129462, 0.999911208970013, 0.999896123334005, 0.999843269119893, 0.999939896802081, 0.999920805197172, 0.500536898316296, 0.998857907001975, 0.499952220970649, 0.49993728017667, 0.499977612469816, 0.500057047511587, 0.499994556105688
