1.42468673514818
0.431099314790749
0.107532416618848
0.0376727870150593
0.0164389458738736
0.00860941919028074
0.00626281857289728
0.00509946185933732
0.00490383064335595
0.00426133850390524
0.00381118503228762
0.00364179111353511
0.00354785061239013
0.00399948695712694
0.00396031398453388
0.00371571904414155
0.00365206366724659
0.003452400557102
0.00447548472966117
0.00380950314495098
0.00354110398943299
0.00345425040035288
0.00338997644149071
0.00334783951637018
0.00332940121651336
0.00332006981063824
0.00331300730204377
0.00330946726953408
0.00330626910439027
0.0033023042888717
0.00329963583867267
0.00329865923118065
0.00329504054414771
0.00329316461701027
0.00406964019270129
0.00367146213750087
0.00353895809710684
0.00345652999418512
0.00340663371864545
0.00334610472856207
0.00333545531441356
0.00332181313167461
0.00330743623244288
0.00330524965450419
0.00330136174536161
0.00329967372422128
0.00329782276945073
0.00329163472981179
0.00328978808951599
0.00328915579417613
0.00328867412388614
