0.0255191089378319, 1.0508972475754
0.0283822913842507, 1.02607905272618
0.0319439124198212, 1.0253443753618
0.0349149998278045, 1.02533401162435
0.0374441948753255, 1.02533401177748
0.0417539803503836, 1.02533400662395
0.0453449772543711, 1.02533457025911
0.0482341018260165, 1.02533399861304
0.0511149662906364, 1.02533398135469
0.0551071638033784, 1.02533396804981
0.0587424712767963, 1.02533396685314
0.0630151672118908, 1.02533396943206
0.0651786288317306, 1.02533396470583
0.0686748646113356, 1.02533396683813
0.0724352546181001, 1.02533396791175
0.0775307080331754, 1.02533396820828
0.0804526689814929, 1.02533396789956
0.0845222560164823, 1.02533396802462
0.0876746099692262, 1.02533396858671
0.091826373618127, 1.02533396774453
0.0951686353467337, 1.02533396771419
0.0990266690678628, 1.02533396820705
0.103563915305702, 1.0253339692651
0.107222293328584, 1.02533396999022
0.109891237408341, 1.02533396909912
0.115574818848735, 1.02533396993846
0.117988114830814, 1.02533397155294
0.123667292861078, 1.02533397465117
0.12653240321848, 1.02533397337732
0.131431217718822, 1.02533398330117
0.134676266769077, 1.0253339742657
0.139382657486022, 1.02533397631957
0.142290035518947, 1.02533397911477
0.146134459257315, 1.02533411577202
0.150593680526454, 1.02533407807051
0.154846182526586, 1.02533407814664
0.160193627719241, 1.02533423976949
0.163707053390429, 1.02533423041785
0.167759010043277, 1.02533425295583
0.172147114548738, 1.02535309249111
0.177522555135812, 1.02062755033919
0.181167422642649, 1.01686507444283
0.185172269519049, 1.01367049042909
0.189161399700593, 1.01117105408218
0.193296837986583, 1.00910544689698
0.197517354862532, 1.00747808303375
0.201698891402352, 1.00620367773899
0.206085530685144, 1.00522072131862
0.210550709145267, 1.00454503937058
0.213030027676085, 1.00091918515257
0.21817747057176, 1.00034860227986
0.22366551556784, 1.00060124416521
0.226913276381697, 1.00003204447178
0.23048478673768, 0.998574507838843
0.237346892656179, 1.00050572258389
0.242023574873224, 0.999815030147371
0.245453233019354, 0.997970468383913
0.252107994322106, 0.999091064601142
0.254689527245953, 0.999091109130361
0.25983521553899, 0.999087235511257
0.265592645811183, 0.999087234047837
0.269899606535898, 0.999087270122063
0.274929505322118, 0.999087229903783
0.280476814775318, 0.999087244182536
0.285562444532976, 0.999087278361096
0.292302749678716, 0.9990872723103
0.297615054958445, 0.999091030524922
0.302743323226676, 0.997914586798037
0.306056442979348, 0.990498206704343
0.310094651764101, 0.984714808669633
0.313596658266703, 0.981277784709391
0.318103586893155, 0.976223584843485
0.320656440267396, 0.970043813291172
0.325580513137324, 0.964671262035784
0.328823488133937, 0.964671306877255
0.333936787901296, 0.960162513856656
0.338334194106101, 0.955466052604826
0.341531367797858, 0.94812941383434
0.345120927737, 0.942067315884663
0.348740047720126, 0.936923510591669
0.352608059526935, 0.932563336837676
0.35586605938441, 0.926062266846498
0.359339050848605, 0.920087897523758
0.363011695978155, 0.915332954836146
0.367153697332715, 0.915590584233714
0.372656254817395, 0.910826270532581
0.37709529119712, 0.907560836275046
0.381348388936745, 0.90484253975464
0.386171041549326, 0.902243386818228
0.390902859585105, 0.89998200258833
0.395885143613548, 0.897477493487006
0.40117889819776, 0.895759297701563
0.406116000771863, 0.894089418729848
0.411178998639546, 0.892636354377201
0.416391846538825, 0.891478697406775
0.422401156274154, 0.890652594490912
0.428728971698709, 0.889971696597839
0.434327926543345, 0.889562996342328
0.43873599053528, 0.889181476731391
0.444525733621496, 0.889153505304369
0.451598973048888, 0.888982294432331
0.457812265302622, 0.889275450806182
0.464708702441989, 0.888264200864164
0.47022387425872, 0.888108358259401
0.479217655224635, 0.888162523221741
0.483777934006488, 0.88805656181926
0.490985166513507, 0.887813042462953
0.492671548090047, 0.878807646241398
0.499696454275792, 0.870656245373668
0.499735203220177, 0.862524503682803
0.500220080383556, 0.852704178293085
0.500810443327629, 0.841154972785299
0.502965738291685, 0.833946540692628
0.505042433692109, 0.82635379420466
0.507360572800675, 0.818975851687082
0.51010475555156, 0.812304675447883
0.513178697382497, 0.806153815055215
0.516450967442016, 0.800601573351344
0.519989170549361, 0.795492416374489
0.523826686740543, 0.790735771381605
0.527882608265061, 0.786352081859409
0.532233013641973, 0.782404866206349
0.536731718739466, 0.778655119449974
0.541523800439153, 0.775382549401609
0.545292796708072, 0.770135829607875
0.5479041185704, 0.768406160832996
0.556797745069773, 0.766313461796703
0.560071262944834, 0.761861003994923
0.565569452220498, 0.759507605921257
0.570630700567959, 0.757445597398601
0.577541545546098, 0.755410688881749
0.581959686459347, 0.753740538810475
0.590319525099528, 0.751627326641313
0.596181879608993, 0.74936186281758
0.602288012755279, 0.747395581508229
0.608744445936916, 0.745660464710051
0.615427993469187, 0.744193893794411
0.622342573354247, 0.742967831307274
0.629540432117467, 0.741965146549219
0.633675718719585, 0.736585749376448
0.633763537841826, 0.72772293286814
0.634295796398626, 0.719222666445135
0.63544422212574, 0.711535635238468
0.637540363026791, 0.70465024269151
0.639442894311252, 0.697329206261787
0.642153151719375, 0.692134216570158
0.645001553335115, 0.685876287356102
0.647110809270454, 0.679270296846137
0.648668289892365, 0.673659497751164
0.652059181541325, 0.667842273070035
0.654768123278609, 0.66250438438462
0.658878525694173, 0.656973571220399
0.662368379645417, 0.653225883204039
0.664732655085234, 0.649129635821412
0.670825720520833, 0.644642395176291
0.672434188678496, 0.638041675619892
0.674290575594131, 0.631629919865956
0.676335596099787, 0.625640313159078
0.678622719445543, 0.619795206313806
0.681083680869621, 0.614190848799708
0.683759186358798, 0.60880531303523
0.686621938125495, 0.603640685324642
0.689587879254781, 0.598475153243934
0.692372089436036, 0.593235938812535
0.695146368196465, 0.588218630969251
0.69813066405215, 0.58326448443676
0.701499003169505, 0.578677238314084
0.704845197228323, 0.573750843976995
0.708410565106974, 0.569541982569528
0.712197531525259, 0.565095501028346
0.71618234165482, 0.560918412206504
0.720242211750284, 0.556939611140578
0.724875013179471, 0.553279536535348
0.729414442114457, 0.549653712135846
0.734450532118325, 0.546125045862545
0.739327115659563, 0.542713601833781
0.744909844342919, 0.539581795796683
0.74991539723652, 0.536474013868382
0.755906481679981, 0.533524463867307
0.761588260886645, 0.530379926038977
0.768084688762475, 0.527408972401751
0.775108027156719, 0.525607536362529
0.782537258783612, 0.523383475337907
0.789933424411027, 0.521195575183195
0.792344310819822, 0.517494180823119
0.802462268382125, 0.516036710309793
0.810128770931526, 0.513883118785241
0.817709926376088, 0.511682700997988
0.826640866267875, 0.51023287181877
0.833245140708259, 0.506934011036918
0.833202733559127, 0.498265306107191
0.830798276051641, 0.491175183738514
0.830434159978944, 0.485836857252853
0.831005961258362, 0.477756175291816
0.831425244184641, 0.47316610228132
0.830999652991902, 0.465191516191126
0.830948058146951, 0.459650703347187
0.831527579781881, 0.453373910759777
0.833030650466652, 0.446472708723605
0.833074283848567, 0.440249392463367
0.833209749620152, 0.433722826148785
0.833245123857462, 0.430498447521535
0.833911440120992, 0.424062897491234
0.8343221002851, 0.416765087701009
0.835122741346986, 0.413653790224044
0.835730671839698, 0.407923392305185
0.836423184583598, 0.402552430367802
0.836640761646746, 0.395639231918906
0.837637493935457, 0.392240248927717
0.840423884221458, 0.387909839112152
0.839975328572194, 0.382049948874639
0.844332557044469, 0.378178765321742
0.845991707099037, 0.373404260203311
0.847776754664229, 0.368688223892959
0.849693204093476, 0.364027093011076
0.851721901864324, 0.359471725809405
0.853885688925339, 0.354979048597228
0.856210430928289, 0.350510501653772
0.85863228121723, 0.346196256447674
0.861221786170678, 0.341915216377612
0.86405035771464, 0.33759537150407
0.866551728620316, 0.333394359034129
0.868221742294968, 0.328938115224599
0.871605259599207, 0.325445835400676
0.875619176450451, 0.321342422065615
0.87890030704462, 0.317229393758356
0.88190310918415, 0.311859902039259
0.884251357763262, 0.308928078079411
0.886755538592579, 0.304657008140029
0.890943086350631, 0.300697086467959
0.894089027554352, 0.297377953737851
0.898057720159217, 0.292784444499944
0.902351916538494, 0.289402371198528
0.907309255018712, 0.286412026453104
0.912058959033773, 0.28273545100185
0.918327429939113, 0.279641320841321
0.923586681812922, 0.276506970011511
0.930133489365865, 0.27312203223125
0.936851459906029, 0.27018901059964
0.943405662599088, 0.267053023602268
0.948949554342784, 0.263737450987261
0.954929431386458, 0.26033565209683
0.961492054322282, 0.257136334311074
0.966923719478958, 0.253379131193057
0.966926087049733, 0.246865482382038
0.966914506304305, 0.242266350073604
0.966917834038033, 0.238400452224719
0.966912537747491, 0.233942335006335
0.966946164689, 0.230176843235261
0.967041916976962, 0.225409554533109
0.967214299804614, 0.221118523598571
0.967482085825975, 0.216590823274051
0.967804698391363, 0.212221721520043
0.968201582377626, 0.207797460277571
0.968670878278101, 0.203527359548954
0.969241516533043, 0.199344642971663
0.969928432813102, 0.195128640155536
0.97067823104522, 0.190954400313682
0.971531915136269, 0.186793905135134
0.972436425481259, 0.182674591319604
0.97344912636305, 0.178609543928001
0.974555167198032, 0.174558146390815
0.975739881718571, 0.170651628636812
0.977089139498545, 0.166618570126599
0.978486831678319, 0.162777866468478
0.980052923386832, 0.158729942948469
0.98178838142594, 0.154823480183098
0.983520463225383, 0.151178596587249
0.985492468157106, 0.14732392573373
0.987543031441968, 0.143613055652437
0.989624819918048, 0.139847317390844
0.988987462257901, 0.135375028077884
0.994424735544832, 0.13248123150426
0.995827561902442, 0.128159592127436
0.997264852467434, 0.124720766281097
0.999049766299203, 0.120825782439102
1.0005505550214, 0.117501679575071
1.0033997132583, 0.11400816994878
1.00399201631713, 0.110240698915392
1.00461976245385, 0.106507513578033
1.00529290547608, 0.102819147725876
1.00602075782125, 0.0991168154597554
1.00678985732785, 0.0954626681012141
1.00760854722948, 0.0918231849246166
1.00847413431624, 0.0882087341737029
1.00939289404681, 0.08461755253836
1.01035356229174, 0.081046320158132
1.01137683680283, 0.0774770342141245
1.01244481530391, 0.0739207879692967
1.01356585908279, 0.0704181907946472
1.01473496166201, 0.0669370055201666
1.01596603278198, 0.0634352468945736
1.01724035290843, 0.0599912394496206
1.01859342979687, 0.0565299970120457
1.01998047797922, 0.053132775057932
1.02145295967043, 0.0497039051646146
1.02298782025343, 0.0463024650754335
1.02461619277407, 0.0428516383269121
1.02624369152996, 0.0395431351724019
1.02788565965871, 0.0354662456633374
1.02856592510165, 0.0328414890534012
