0.0, 1.0
3.667983678578599E-4, 0.9997142719165311
7.273506018137016E-4, 0.9994126990946371
0.0010740922927791668, 0.9991033226381888
0.0014104715266912734, 0.9987850700985041
0.001737001273598862, 0.9984590786374927
0.002057911612357406, 0.9981223378218523
0.0023668421390642294, 0.9977828602855696
0.002676496760116865, 0.9974275315744096
0.00297162681054688, 0.9970748539073955
0.003264772848537645, 0.9967110187949827
0.0035509123704559635, 0.9963428897872182
0.0038332297825895995, 0.9959671144467316
0.004111259227533901, 0.9955848635576586
0.004378758993422262, 0.9952056905321034
0.004646682133358395, 0.9948147247097511
0.004907939721775804, 0.9944227111474904
0.005166176546242144, 0.9940247877990631
0.0054173919041501425, 0.9936277339888582
0.005673282283018229, 0.9932132152608738
0.005916786990114662, 0.9928093297018278
0.006161767985074876, 0.9923937271581954
0.0064007717218850365, 0.9919793176266014
0.006605183890422152, 0.9916178846253989
0.006872197058080658, 0.9911360522644161
0.007101723570903042, 0.9907130853099577
0.0073293407046290705, 0.9902856321667212
0.007553757427169673, 0.989856396152323
0.007775856427580759, 0.9894239855519551
0.007997181042693247, 0.9889855648299858
0.008214537604701967, 0.9885477109899943
0.008430104238512972, 0.9881063349846856
0.00864128653787027, 0.9876670628202368
0.008852265142897369, 0.9872214318414173
0.009061312558379627, 0.986773203604948
0.009266750549594376, 0.9863262498867683
0.009471115500751885, 0.9858752822836292
0.009673393389826422, 0.9854226947162255
0.009876090153873234, 0.9849629669792811
0.01007336762486398, 0.9845095773797351
0.010270421121067533, 0.9840508494241311
0.010464473968106831, 0.9835933990871053
0.010659760529619219, 0.9831273317068829
0.010854428341320594, 0.9826570507312544
0.011042352849094668, 0.9821976797291676
0.011230716770987486, 0.9817319390973923
0.01141966664650404, 0.9812594320711922
0.011603615448348877, 0.980794323525191
0.011789540898099492, 0.9803191050816142
0.011971105641802836, 0.9798500809060711
0.012152678052275115, 0.9793761522253238
0.012331291510070496, 0.9789051889302047
0.012511929630690538, 0.9784240960575796
0.012690925306815806, 0.9779426333115144
0.012865602163702496, 0.9774682423723239
0.0130416519256644, 0.9769855883595971
0.013216329727760148, 0.9765022044917712
0.013386454616343567, 0.9760271272664003
0.013560117180571802, 0.9755378099055445
0.013727442021220495, 0.9750621896762501
0.013897470479765608, 0.9745747095814826
0.014068860650167242, 0.9740790741673325
0.014234489296970436, 0.9735960523415115
0.014399897973951685, 0.9731097085661481
0.014568051467355457, 0.9726112418831799
0.014732284560898314, 0.9721204600338843
0.014893827644998638, 0.9716339287724114
0.015057339128477986, 0.9711376506255625
0.015219819522825615, 0.9706407037830748
0.015379926875792834, 0.9701473183197118
0.015539685269252639, 0.9696513578042513
0.015698155755857562, 0.969155799954994
0.01585841065051936, 0.9686510273559744
0.016012448478656127, 0.9681623989037558
0.016169471756615664, 0.9676608379120029
0.016323839683251073, 0.9671643578388164
0.01647733880272046, 0.9666673352228595
0.016632747428292925, 0.9661607466353189
0.016785594823100193, 0.9656591932027484
0.016939018114466842, 0.965152451811716
0.017090713521721486, 0.9646481751477975
0.017241051199462898, 0.9641452375357502
0.01738982384047033, 0.9636444308479374
0.017541934693728074, 0.9631292001272752
0.017689658878996223, 0.9626257501561165
0.01783694838641595, 0.9621207683361952
0.017983940324846955, 0.9616138131359226
0.018131148831150804, 0.9611031200013463
0.01827683731187362, 0.9605947591619253
0.01842357468536144, 0.9600797871345444
0.018568586018788535, 0.9595679689032743
0.01871333698297156, 0.9590541969430249
0.018856383639036398, 0.9585436604517145
0.01899892703938529, 0.9580321436249347
0.019141678129592114, 0.9575171097258031
0.01928153970052638, 0.9570098164976575
0.019423376635493417, 0.9564926506001604
0.019564205890225117, 0.955976466836771
0.019700913688539913, 0.9554728291252274
0.01984292184362379, 0.9549469994505128
0.019981439993262056, 0.9544314816377155
0.02012022669717196, 0.9539123840176271
0.020256945382418103, 0.9533985013867571
0.020395358149451957, 0.9528757091269042
0.02053323839613742, 0.9523523907885879
0.020667674581746315, 0.9518397111564849
0.02080283098332895, 0.95132186862503
0.020937413447390515, 0.950803823045126
0.021073481384775508, 0.9502776280967226
0.021207796920991846, 0.9497558176127983
0.021341417095624298, 0.9492343554970115
0.021474920354371506, 0.9487110110235453
0.021608843303475987, 0.9481836780066841
0.021741027748680232, 0.9476608941958254
0.021870900811883604, 0.9471450350608207
0.0220031284195399, 0.9466175714264429
0.022134297122739205, 0.9460920917459579
0.02226471409275799, 0.9455674167789949
0.022394594905983344, 0.9450427169032596
0.02252391445419784, 0.9445181261332504
0.022653309477781255, 0.94399107864342
0.02278221316749516, 0.9434638984898872
0.022909943747609744, 0.9429394200256092
0.023039646193231365, 0.9424047148549105
0.02316599144532516, 0.941881791066159
0.023293465670854867, 0.9413521403667756
0.023420534313087858, 0.9408221261346322
0.023545837919218146, 0.9402974757430103
0.02367231674463791, 0.939765897164613
0.023797992855663575, 0.9392356993670592
0.02392656315450464, 0.9386912409134872
0.024048842285045082, 0.9381715040440239
0.024172995177348482, 0.9376418927405666
0.024296749573109656, 0.9371120705057733
0.02441998516363907, 0.9365825782185234
0.024543056660694017, 0.9360519121045872
0.024666244391075846, 0.9355188691386161
0.024788261804002346, 0.9349890448637488
0.02491131876006997, 0.9344528511797136
0.02503409219080517, 0.9339160405578363
0.025155512390363368, 0.9333833315803874
0.02527389155220017, 0.9328622310168494
0.025397793777637574, 0.9323149894815403
0.025520532429038463, 0.931771047692797
0.025637987187226582, 0.9312488126870179
0.02575919131169868, 0.9307081582320282
0.025878130031469302, 0.9301758866493791
0.025994658318945523, 0.9296527517003388
0.02611724408595052, 0.9291006640184938
0.026235185360353287, 0.9285677959937665
0.026354668040128235, 0.9280262705136049
0.026474241412970223, 0.9274826321962522
0.02659079898573955, 0.9269510708457682
0.02670955520519324, 0.9264078274944267
0.026824850234045964, 0.9258788230852131
0.026941242262907353, 0.9253431965049141
0.027061028320800054, 0.9247902883850605
0.02717607547716307, 0.9242576706258072
0.027290916952010323, 0.9237244618377018
0.027408073987379815, 0.9231789172760443
0.02752311266837351, 0.9226416837204204
0.027638280617136038, 0.9221023089946159
0.02775388460167754, 0.9215593491978862
0.027868194721284135, 0.9210209503866347
0.02798321506649696, 0.9204776890377268
0.02809656924076051, 0.9199408121451059
0.028209039265657144, 0.9194066696401294
0.028324237381906123, 0.9188580743628033
0.028436829727396307, 0.9183204287675873
0.02855169367904978, 0.9177704532655979
0.028663872422628186, 0.917231893311364
0.028776745610061633, 0.9166885657793619
0.02888989972827677, 0.9161424465057161
0.029002888624261848, 0.9155956906066787
0.02911391879302605, 0.915057020968509
0.029228507204424155, 0.9144996454214299
0.02933902837360867, 0.9139606689595984
0.029449705497543353, 0.9134195733163915
0.02956211635878884, 0.9128686137410227
0.029670423953736244, 0.9123364463008842
0.029782787103290128, 0.9117829875762731
0.0298939435227548, 0.9112341094683791
0.030002266438341457, 0.9106979221208583
0.030111252370700357, 0.9101571608113583
0.030222155270232278, 0.9096055613809179
0.03033164470539811, 0.9090596831756454
0.030441851289046595, 0.9085089200208788
0.03055008722021314, 0.9079667302897996
0.030658695798277104, 0.907421407505691
0.030767251616779397, 0.9068750857248641
0.03087642741289188, 0.9063243731436625
0.030984634269331648, 0.9057772944892608
0.031093652545496012, 0.9052248550111508
0.0311990663076974, 0.9046894834533805
0.03130778937199426, 0.9041360749180186
0.03141496206464083, 0.9035893392856743
0.031521655312083424, 0.9030438513836108
0.03162925502825688, 0.9024925219189848
0.03173656482767142, 0.9019414743126368
0.03184346689757852, 0.9013913289059112
0.03194834370264756, 0.9008504538586045
0.032055311947593854, 0.90029762081197
0.03216364517777153, 0.89973653070224
0.032266349915549886, 0.8992034781881183
0.03237297653351286, 0.8986489268316015
0.03247869409037622, 0.8980979566622074
0.03258381229779738, 0.897548981529186
0.032690167047671255, 0.8969924068649879
0.032793749024131076, 0.8964492422028326
0.032898740403348635, 0.8958975822008872
0.033004487159790756, 0.8953408325438605
0.033108353031503245, 0.8947928942596803
0.0332113082709851, 0.8942486959462242
0.03331577752893412, 0.8936954154985791
0.03342118741361468, 0.8931360549464347
0.033524083205254705, 0.892588974713852
0.03362727156606365, 0.8920392898708196
0.03373111547797714, 0.8914850557451454
0.03383461201438541, 0.8909316238510924
0.03393683735435343, 0.8903839620980274
0.034040804022629254, 0.8898259275046196
0.03414361243044734, 0.8892730780594659
0.03424628411867014, 0.8887199432885563
0.03434862149354547, 0.8881675980704642
0.03445096902361871, 0.8876141913615477
0.03455299942488925, 0.8870615006922391
0.034655087778100786, 0.8865075014176342
0.03475638589808566, 0.8859568103216158
0.0348587320859294, 0.8853994333561999
0.0349600020050781, 0.8848469433638823
0.03506151650201491, 0.8842921496093665
0.03516258676143105, 0.8837388227174048
0.03526502773389338, 0.8831770165218789
0.03536489765835044, 0.8826283686744574
0.03546596510027532, 0.8820721987757497
0.03556527091610217, 0.8815248019113014
0.03566775711625841, 0.8809589200069058
0.03576720178712152, 0.8804089089126597
0.03586697030454692, 0.8798561962178467
0.035968454355667256, 0.8792930472333483
0.03606686790399603, 0.8787460420201894
0.03616762137715813, 0.878185121403133
0.03626583766475673, 0.8776374432980488
0.03636708425286362, 0.8770719586166837
0.03646542580194209, 0.8765218190204366
0.03658690245164346, 0.8758410648098705
0.03666415733511522, 0.8754074456650064
0.03676334850492947, 0.8748499254989055
0.03686261325123092, 0.8742911210659503
0.03696079678029838, 0.873737549524515
0.037061022653278874, 0.8731715904574721
0.03715639914453331, 0.8726321994875279
0.03725714099345482, 0.8720616048137739
0.03735384616728931, 0.8715130449982091
0.037453997836306596, 0.8709440826096988
0.03755017044527485, 0.8703969120688146
0.03764864130488245, 0.86983584328502
0.03774611863648471, 0.8692796189286447
0.03784272943970381, 0.8687275405994326
0.03794190040477696, 0.8681600086031935
0.038039153234426706, 0.8676026462978409
0.03813581725419632, 0.867047869319948
0.038233954771268376, 0.8664838338359767
0.03833123829791249, 0.8659239123381223
0.03842669362869763, 0.8653737474955311
0.038524189494918336, 0.8648110420259614
0.03862041026856602, 0.8642549261800943
0.03871692875731736, 0.8636963245162927
0.03881403253403271, 0.8631335652198435
0.038909326984426396, 0.862580543591044
0.039005909172324014, 0.8620192956204511
0.0391022701457278, 0.8614585804737678
0.039198718776686244, 0.8608966054514928
0.03929297706953144, 0.8603466709314557
0.0393915433986547, 0.8597708417230228
0.039485860462175386, 0.859219112262379
0.0395797235526804, 0.8586693376879639
0.03967750492721202, 0.8580958725705904
0.03977287228456869, 0.8575358403239506
0.03986805811446431, 0.8569761633624898
0.039964223792238025, 0.8564100070130916
0.04005817688295827, 0.8558561827322189
0.040153406613160046, 0.8552941359173608
0.04024742955206298, 0.8547385259057425
0.0403436792279739, 0.8541690547106863
0.04043758245438096, 0.8536127842691024
0.04053360434830493, 0.8530432692893283
0.0406266043408831, 0.8524910115472331
0.04072066594586268, 0.8519317859676259
0.0408153499434117, 0.8513681888546422
0.04090978155252741, 0.8508054262248629
0.04100553618094399, 0.8502341010552238
0.0410990015301996, 0.8496757794297146
0.04119131974316509, 0.8491236773223488
0.04128801194207856, 0.848544745418232
0.041377991055086036, 0.8480053928086454
0.04147372092132026, 0.847430921616368
0.04156772498788913, 0.8468661602468048
0.04166118108007057, 0.8463040587289389
0.04175319774762432, 0.845750001612724
0.041844758383283324, 0.845198089190825
0.04193880974376587, 0.8446305415298191
0.04203191241247652, 0.8440681011164493
0.042126016448628005, 0.843498989867301
0.04221823888756521, 0.8429406545158253
0.04230960788294227, 0.8423868997880526
0.042404122245601916, 0.8418134709028731
0.04249714838566618, 0.8412484671270236
0.042589332967373, 0.8406879862570984
0.04268176665343763, 0.8401254055132585
0.04277414429386098, 0.839562583098556
0.04286791036343138, 0.8389907085600872
0.0429603734441739, 0.8384261987401689
0.04305109575255652, 0.8378717576238816
0.043142134308251645, 0.8373148297496472
0.043235143059365155, 0.8367452788448113
0.043327948828391, 0.8361763991592953
0.043418835181487855, 0.8356187342846313
0.043510420891834496, 0.8350562296268151
0.043602328329743215, 0.8344911980726308
0.04369527039144455, 0.8339192474367474
0.04378502878941203, 0.8333663582463158
0.04387711519560746, 0.8327985903306275
0.04396789967266298, 0.8322383181207952
0.044059943847331584, 0.8316697357804874
0.044150758821459246, 0.8311082203885796
0.044241865479221404, 0.8305443790515026
0.04433246700219699, 0.829983147641216
0.04442416179316149, 0.8294146225418343
0.044514246114850865, 0.8288555744969689
0.044606341373511896, 0.8282835290327768
0.04469505982507449, 0.8277319659081224
0.044788135835609914, 0.8271527950451532
0.04487906243372323, 0.8265864908202473
0.04497005797471287, 0.8260192570947498
0.045059626342075054, 0.8254604339171535
0.04515091701926204, 0.8248903717435135
0.04524132974660164, 0.824325303662391
0.045333365233645916, 0.8237495972693474
0.045421793348489926, 0.8231959869440171
0.045512357409368216, 0.8226285306094308
0.04560149549719703, 0.8220695435687467
0.0456920009968363, 0.8215015115864547
0.045779997329398865, 0.8209487762791565
0.045871953921301944, 0.8203706923694866
0.04596171104906784, 0.819805971991724
0.04605111128573064, 0.8192430446616008
0.04614126156219575, 0.8186749399950243
0.04623022429482521, 0.8181138740935827
0.046319920695227904, 0.8175477363590604
0.04641035387723925, 0.8169764988487107
0.04649737571341798, 0.816426386170424
0.046589249318755875, 0.8158451547300953
0.04667863845387439, 0.8152792020247733
0.046767006170568275, 0.8147192931921529
0.046856620222100256, 0.8141510604549707
0.0469463449001707, 0.8135816981238713
0.04703561997098872, 0.8130147663135302
0.04712608553580515, 0.8124398471487146
0.047213691197905, 0.8118826956363757
0.0473027864458316, 0.8113156622105118
0.0473922476458943, 0.8107458878673464
0.04748080249037507, 0.8101814821820547
0.0475706523415975, 0.8096084147217751
0.04765646361980552, 0.8090607242548129
0.04774562326714558, 0.8084912708075663
0.04783524975479323, 0.8079184356483943
0.04792569653503718, 0.8073399537930068
0.0480131969563987, 0.8067799327702506
0.04810131643888524, 0.8062155709410572
0.04819011514312115, 0.8056464771729301
0.04827850728844791, 0.8050796108428192
0.04836663334654112, 0.8045140779591642
0.04845489443359647, 0.8039473078164784
0.04854463979106497, 0.8033706286083586
0.04863177117459962, 0.802810384154039
0.04871981545878889, 0.8022439101930656
0.04880772120284832, 0.8016779694323631
0.048896565915256436, 0.8011056225131431
0.04898424313050463, 0.8005404434342994
0.049072159274451334, 0.7999733743271212
0.0491599112333536, 0.7994070174058762
0.049248189129297876, 0.7988369189934166
0.049335066779787856, 0.7982755259882273
0.0494237429131535, 0.7977021688258916
0.049511340322249194, 0.7971354491512371
0.04960027426651523, 0.7965597423391987
0.04968716673701693, 0.7959969221846374
0.04977227845265901, 0.7954453238184084
0.04986182702431114, 0.7948646393886721
0.04996748914831144, 0.7941790320842741
0.05003685268242796, 0.7937287015161951
0.05012464047032002, 0.7931584694298861
0.050212073157578425, 0.7925902294761006
0.05029889955541784, 0.7920256218204896
0.05038671120122138, 0.7914542976449612
0.050473037321945455, 0.7908923375166088
0.050561300809116354, 0.7903174594701264
0.05064787615472952, 0.7897532783734015
0.0507363325470479, 0.7891765366458039
0.050822653487256585, 0.7886134259086126
0.0509104710905195, 0.788040258003488
0.05099839153913555, 0.7874661245943761
0.051084289409139956, 0.7869049170368471
0.051170964293179036, 0.7863383529744432
0.05125772608637964, 0.7857709416601136
0.0513437193584249, 0.7852082832050618
0.051431235017191705, 0.7846353869639205
0.05151777834389836, 0.7840685837741975
0.0516044833897261, 0.7835004526132152
0.05169123905524042, 0.7829317229465829
0.051778572737158524, 0.7823589369999585
0.05186555390759576, 0.7817881991971469
0.05194958156810373, 0.7812365935209695
0.052038556107824104, 0.7806522509031049
0.05212531828451496, 0.7800821802243189
0.05221133966167363, 0.7795167281178211
0.052297180823228276, 0.7789522160505785
0.05238496610496739, 0.7783746688015827
0.052470251458982535, 0.7778133289461531
0.05255790518877428, 0.777236156841831
0.05264340335119039, 0.7766729427755042
0.05273060830662454, 0.7760982480291914
0.052817013070862256, 0.775528592797138
0.05290241224225758, 0.7749653409655336
0.05298919725614109, 0.7743927207242383
0.0530760515330117, 0.7738194157859986
0.05316118470251887, 0.7732572528377736
0.05324782074417005, 0.7726849461479384
0.05333403430325516, 0.7721152126893134
0.05342003000219394, 0.7715467051009771
0.053506241405247026, 0.7709765595924462
0.05359264282959301, 0.7704049469667918
0.05367910561129271, 0.769832719988225
0.053764240138609524, 0.7692690823320164
0.053849878697018724, 0.7687019085696016
0.053936838608589714, 0.7681257817425239
0.054022667840805096, 0.7675569488328962
0.0541082039096126, 0.7669898665136067
0.05419505171627766, 0.7664138937116765
0.05428009548598148, 0.7658496982338252
0.05436636518842043, 0.7652771830604355
0.054450898334056294, 0.7647160122860996
0.054538824522210344, 0.7641321304004233
0.05462194435470487, 0.7635799930053886
0.05470876961918498, 0.7630030650167937
0.05479494812725461, 0.7624302584839693
0.05488112449192593, 0.7618572932821711
0.054966414496375966, 0.7612900534279372
0.055052018753698057, 0.7607205580646963
0.05513625468401789, 0.7601600062007208
0.05522257013665663, 0.7595854543408926
0.05530861709315735, 0.759012529214969
0.055394691830438506, 0.75843926124734
0.05548024714050374, 0.7578692986949741
0.055564985140586595, 0.7573046319809086
0.055650652314293794, 0.756733625210046
0.05573403826499398, 0.7561776827594183
0.05582167220475276, 0.7555932711542802
0.055908669010447214, 0.7550129615547373
0.05599190154254584, 0.7544576267699689
0.056078219291643756, 0.7538815704595483
0.056163860750443634, 0.7533098923620447
0.056249708275114385, 0.7527367060742302
0.056334486800423876, 0.752170529318846
0.05641963073269798, 0.7516017866616009
0.05650547834379231, 0.7510282185538377
0.05658964428701887, 0.7504657665426206
0.05667461133110592, 0.7498978433362958
0.05675977259694781, 0.7493285056657516
0.056848323009925705, 0.7487363892638568
0.05693207408200934, 0.7481762539116211
0.05701663012566201, 0.7476106276715839
0.0571019919985519, 0.7470395040946035
0.057187683300844144, 0.7464660708637691
0.05727270938597735, 0.7458969869978981
0.057358041940905616, 0.7453257520059478
0.05744341530085511, 0.7447541460771637
0.05752941072107699, 0.744178278785214
0.05761312884161908, 0.7436175707600544
0.057697282399761254, 0.7430538585404866
0.057783541095407044, 0.7424759558345112
0.05786860196682294, 0.741905992311819
0.057953542075053946, 0.7413367553301323
0.058039079586610386, 0.7407656533079545
0.05812449840814686, 0.7401908288117196
0.05820880048594348, 0.7396256351779325
0.05829396381949823, 0.7390545942275263
0.058379281905436266, 0.7384824443052708
0.05846420283675578, 0.7379128892372886
0.0585492248198369, 0.7373425903291343
0.05863434859177521, 0.7367715447821609
0.058719113886494284, 0.7362028429049259
0.05880383312155826, 0.7356343914275456
0.058890530742968815, 0.7350526071090092
0.05897411130250623, 0.7344916864077706
0.05905931337528725, 0.7339198319012932
0.059144218993627894, 0.7333499176429645
0.05922890533856405, 0.7327814283791036
0.059314028155648006, 0.7322099643529834
0.05939937726172601, 0.731636938473198
0.05948434084242817, 0.7310664609075374
0.059569294107820636, 0.7304960150091807
0.05965421347000437, 0.7299257615487751
0.05973932188347968, 0.7293542056211395
0.05982351627951341, 0.7287887577670206
0.05990903371836651, 0.7282143960999428
0.05999430023707023, 0.7276416936951287
0.060078575967165176, 0.7270756228792098
0.06016344315635339, 0.7265055583790528
0.06024898462584085, 0.7259309457947558
0.06033534414723039, 0.725350821309799
0.060420204941014126, 0.7247807506218925
0.060503817065886555, 0.7242190568716982
0.06058876855013433, 0.7236483564042092
0.060673006674300096, 0.7230824415193621
0.06075792477671868, 0.7225119540471864
0.060843943957651164, 0.7219340672953137
0.0609301512607602, 0.7213549170020507
0.06101310123708435, 0.7207976523714821
0.06109763220595316, 0.720229771415256
0.061182702126563314, 0.7196582771140185
0.061268077448417155, 0.7190847409369818
0.061352347822742195, 0.7185186395574716
0.06143858039986835, 0.7179393714535383
0.06152176832233498, 0.7173805722470717
0.06160781393019172, 0.7168025964173887
0.06169058901907449, 0.7162466097675293
0.061776432371783006, 0.7156700380431137
0.061862386063599416, 0.7150927520436785
0.06194761775562023, 0.714520344093828
0.062032816890629575, 0.7139481859655954
0.06211672935411671, 0.7133847013173917
0.06220123779140921, 0.7128172498113118
0.062287938774360035, 0.7122351150918507
0.06237270236605288, 0.7116660292545743
0.062456833708209966, 0.7111012303516655
0.06254163693620363, 0.7105319656820217
0.0626271930258292, 0.7099576951925395
0.06271354758735194, 0.7093781164884817
0.06279782812676835, 0.7088125098726891
0.06288193247508798, 0.7082481392619288
0.0629671605149035, 0.7076762851974889
0.06305175225235007, 0.707108759553651
0.0631372295177222, 0.7065353549923007
0.06322193123717554, 0.7059672169332724
0.06330774094342936, 0.7053917143214216
0.06339079370061423, 0.7048347686004057
0.06347826929640198, 0.7042482371086605
0.0635618612457239, 0.7036878185609103
0.06364784212277579, 0.703111460700089
0.06373239510889184, 0.7025447525332517
0.06381842988222872, 0.7019681947048196
0.0639023888038829, 0.7014056300371609
0.06398846806640768, 0.7008289445138371
0.0640735572081789, 0.7002589806517486
0.06415772644273197, 0.6996952674988705
0.06424431687580234, 0.6991154332174888
0.0643282621736608, 0.698553405384219
0.064414745237649, 0.6979744858470508
0.06449952794253319, 0.6974070485132269
0.06458410401846947, 0.696841095050343
0.06466993393435144, 0.6962668567800846
0.06475501191264174, 0.6956977565009344
0.06484068088110036, 0.6951248132288529
0.06492801463601226, 0.6945408524211849
0.0650095832391762, 0.6939955488779096
0.06509639833583564, 0.6934152887177024
0.0651804881532729, 0.6928533616015585
0.06526680095056377, 0.6922767023291193
0.0653521567715481, 0.6917065613664473
0.06543744089693625, 0.691137025574304
0.06552292357908159, 0.6905662928278412
0.06560840792898745, 0.6899956805100347
0.06569625043679175, 0.6894094669334249
0.06577934232005153, 0.6888550889580578
0.0658650175955071, 0.6882836121857437
0.06595044860909799, 0.6877139058146844
0.06603635869734673, 0.6871411491730621
0.06612169021030662, 0.6865723956587053
0.0662070981202487, 0.6860032808402967
0.0662955316406343, 0.6854141633318555
0.06637747468604856, 0.6848684295607297
0.0664641572981801, 0.6842912860561687
0.06654980286498556, 0.6837212066059121
0.06663479368499223, 0.6831556441830802
0.06672120588149445, 0.6825807880186078
0.066806134475721, 0.6820159656269096
0.06689246331084503, 0.6814420000107038
0.06697893330497048, 0.6808672692845136
0.06706358879803936, 0.6803047692636033
0.0671509628641612, 0.6797243847945424
0.06723531680556459, 0.6791642367419692
0.067320234609791, 0.678600520527158
0.0674071685450894, 0.6780236059500496
0.06749293209515514, 0.6774546446157423
0.06757898645086614, 0.6768839424311183
0.06766476727588304, 0.6763152444526694
0.06775055916676169, 0.6757466654113535
0.0678373815984595, 0.6751714547718728
0.06792217040641878, 0.674609911985279
0.0680093705538118, 0.6740326025144343
0.06809489590582357, 0.6734665836129984
0.06818167806796538, 0.6728924544508433
0.0682672069865363, 0.6723268233175974
0.06835268878080064, 0.6717617113952172
0.06843867883350202, 0.6711934511616792
0.06852536587151203, 0.6706208023249699
0.06861331010032129, 0.6700400740829563
0.06869721111153397, 0.6694862587647259
0.06878353564110362, 0.6689166667842942
0.06886928683366748, 0.6683510816315283
0.06895547356792328, 0.6677828509769066
0.06904267793388116, 0.6672081452787385
0.06912750767778417, 0.666649317549893
0.06921621626756748, 0.6660651808490734
0.0693020113036738, 0.6655004687792513
0.06938858299756213, 0.6649308854998714
0.06947495864200813, 0.6643628355863271
0.06956145621941813, 0.6637942299325427
0.06964899644839097, 0.6632190235114619
0.06973470242086, 0.6626561187800507
0.06982133062119655, 0.6620874099800992
0.06990791819062521, 0.661519224497425
0.0699945432259079, 0.6609510522710302
0.07008131353192093, 0.6603821894507094
0.07016897166592935, 0.6598077750256712
0.07025549611170975, 0.6592410570951973
0.07034154211408536, 0.6586777388760887
0.07042861462542768, 0.6581079728529307
0.07051614047967343, 0.657535519016584
0.07060585630729257, 0.6569490344478419
0.07068845897363074, 0.6564093137578825
0.07077765565032178, 0.6558267950710641
0.07086352661155004, 0.6552662795313088
0.07095323295227626, 0.6546810288023861
0.07103908690251934, 0.6541212007844812
0.0711239966653891, 0.653567810295355
0.07121458846101238, 0.6529776981700708
0.07130047087851099, 0.6524185611357881
0.07138772935762451, 0.6518507651027927
0.07147463692877919, 0.6512855552762781
0.07156259009689953, 0.6507138554848417
0.07164956135826125, 0.6501488473857998
0.07173719336808272, 0.6495798602337937
0.07182451257472887, 0.6490132195198585
0.07191147635521064, 0.6484492006558551
0.07199974291801857, 0.6478770567024702
0.07208740188228752, 0.6473091770411927
0.07217502283779999, 0.6467418706011876
0.07226319913813539, 0.6461713010671915
0.07234993742600591, 0.6456103644663294
0.07243824540355316, 0.6450396132194834
0.07252775460780608, 0.6444614472949677
0.0726144889078824, 0.6439015429967249
0.07270246324070562, 0.6433339758230818
0.07279045751443036, 0.6427666270463404
0.0728793149017911, 0.6421940680205213
0.07296847676477265, 0.6416199079296127
0.07305469559509022, 0.6410650457598238
0.07314279146845594, 0.6404984578846089
0.07323105060407853, 0.6399311813035841
0.07331930576884312, 0.6393642943203812
0.07340651152870556, 0.638804508019022
0.07349609383285541, 0.6382298415442061
0.07358522881804072, 0.6376584245452473
0.07367381962163883, 0.6370908741954331
0.07376114643244987, 0.636531792855708
0.0738505016965609, 0.6359601091395257
0.07393815008707157, 0.6353997257147802
0.07402829316009432, 0.6348237874990716
0.074116260098645, 0.6342621416541374
0.07420530359796022, 0.6336940158176049
0.074295269657367, 0.6331204084388404
0.0743818335154417, 0.6325688793129285
0.07447163711568337, 0.6319971116777936
0.07456003804534327, 0.6314346780211426
0.07465035085773118, 0.6308604962363795
0.07473853554895711, 0.6303002524666472
0.07482929701309879, 0.6297240619177893
0.07491690038713238, 0.6291683302503451
0.07500641562970194, 0.6286008888152538
0.07509599861907462, 0.6280334440589174
0.07518631817150438, 0.6274617678592858
0.07527463124616314, 0.626903215656257
0.0753651016363978, 0.6263314564400632
0.07545491578714168, 0.6257642849312077
0.07554446806858135, 0.6251992065197284
0.07563415568164132, 0.6246337164786923
0.07572394669536124, 0.6240680204509319
0.0758142679633666, 0.6234994365269169
0.07590306353101267, 0.6229409022554583
0.07599392161693103, 0.6223698539868503
0.07608405208882847, 0.6218038405783969
0.07617248385768284, 0.621248944400755
0.07626520450521339, 0.6206676169322306
0.07635422460352029, 0.6201099563389996
0.0764443448061746, 0.6195458714381205
0.07653439635962407, 0.6189826883528788
0.07662547962977166, 0.6184135355936957
0.07671559109529845, 0.6178509356387545
0.07680825780681831, 0.6172728832292251
0.07689685775840228, 0.6167206766699643
0.07698768342075141, 0.616155085278614
0.07707860784013391, 0.61558937546075
0.07716996418202662, 0.6150214813155566
0.07726010316169926, 0.6144616513451143
0.07735178755017617, 0.613892732041061
0.07744148503253787, 0.6133366409820593
0.07753299936542259, 0.6127697974945555
0.07762422471706319, 0.6122052606368044
0.07771568842794015, 0.6116397692228538
0.07780737761110162, 0.6110734095503267
0.07789894466003504, 0.610508332309703
0.07798965912282854, 0.6099490394495737
0.07808140653549986, 0.6093839100341085
0.0781754253771223, 0.6088053473031769
0.07826531111675863, 0.6082527489638535
0.07835598520222886, 0.6076958320962098
0.07844793357264815, 0.6071316328273719
0.07854143855083039, 0.6065584468510635
0.07863399389615089, 0.6059916456738279
0.07872359057984533, 0.6054434997189987
0.07881764326925791, 0.604868662896109
0.07890932823687268, 0.6043088625243122
0.07900103101706141, 0.6037495142617935
0.07909655056345934, 0.6031674845885384
0.07918646551522997, 0.6026201667258213
0.07927819501485818, 0.6020623671363577
0.07937099322090849, 0.6014986506359201
0.07946463496673713, 0.6009304058330611
0.07955720346269798, 0.6003692648771032
0.07964964894483026, 0.5998094587643206
0.07974260951184016, 0.5992471299164532
0.07983584711849853, 0.598683728644294
0.07992945850130083, 0.5981186794679185
0.08002213618263145, 0.5975598717049612
0.08011519260900586, 0.5969993891003873
0.08020926481217845, 0.5964334112757358
0.08030271837802597, 0.5958717782355104
0.0803962378503408, 0.5953103732333586
0.08049010332416248, 0.5947475217196607
0.08058382706783425, 0.5941861530895759
0.08067758535053063, 0.5936252132202063
0.08077186159305874, 0.5930618182722442
0.08086545142538946, 0.5925031665704631
0.08095935257082665, 0.591943301431485
0.081053415582543, 0.5913831215175137
0.08114918531450888, 0.5908134489841751
0.08124294100579385, 0.590256415781819
0.08133749908174945, 0.5896952786225228
0.0814325534962739, 0.5891318701717759
0.08152699416215134, 0.5885727716891365
0.08162156127347661, 0.5880135987270457
0.08171489922941126, 0.5874623578465095
0.08181106678820489, 0.5868950986493914
0.08190510989958374, 0.5863410537062778
0.0820024845054377, 0.585768096079057
0.08209793509068906, 0.5852071678389039
0.08219271838750992, 0.5846508577575605
0.08228950834080992, 0.584083489411036
0.08238723807180935, 0.5835113527117956
0.0824792609683488, 0.5829733082468055
0.08257497081183596, 0.5824144121404824
0.08267143132949292, 0.5818518630502896
0.08276779592436223, 0.581290608570416
0.08286362227851003, 0.5807332204742403
0.08295964157501517, 0.5801754446111022
0.08305688204300225, 0.579611327192749
0.0831515200750734, 0.5790630368321336
0.0832493513596886, 0.5784970056734615
0.08334623495308419, 0.5779372214449003
0.0834427649520572, 0.577380239039375
0.08353950822434447, 0.5768227888270038
0.08363648512198375, 0.5762647616864384
0.08373353240235529, 0.5757071034642032
0.0838322831088484, 0.5751404545934296
0.08392963212425454, 0.5745826393695629
0.08402687337934542, 0.5740262280619263
0.08412418936287867, 0.5734701789782337
0.08421918009793929, 0.572928180785645
0.08431806047512078, 0.5723647945530423
0.0844184532953597, 0.571793634588595
0.08451558874187651, 0.5712418187126925
0.08461364778883405, 0.5706855690075625
0.08471222039202801, 0.5701272323718851
0.08481114056225575, 0.5695677628157927
0.08491025619191976, 0.5690080305304142
0.08500840311893167, 0.5684546029653288
0.08510725140204214, 0.5678980625828038
0.08520548154889736, 0.5673458424618567
0.08530501329403631, 0.5667871622075376
0.08540393282170981, 0.5662327761160559
0.0855035404913183, 0.5656754004022585
0.0856036391968151, 0.5651161565205511
0.08570197664522425, 0.5645676141355047
0.08580254189469075, 0.5640075308276487
0.08590070235540985, 0.5634617077179052
0.08600304766863351, 0.5628935299171257
0.086103538307774, 0.5623365606883842
0.08620342285907519, 0.5617838494518211
0.08630451007321323, 0.5612253986322495
0.08640632047582508, 0.5606638864602689
0.08650529084687666, 0.560118939180582
0.08660320828350801, 0.5595806668603753
0.0867071244567099, 0.5590103758509668
0.08680871902595147, 0.5584537821913059
0.08690849159429505, 0.5579080938666553
0.08701117447076517, 0.5573474466834153
0.0871123529325774, 0.5567959677467538
0.08721386799787587, 0.5562436090618422
0.08731650677976974, 0.5556861116807837
0.08741826552976371, 0.5551343658394057
0.08752023283202756, 0.5545824626254463
0.08762320212273558, 0.5540261280849365
0.08772564098274994, 0.5534736517153097
0.08782829548839333, 0.5529210083404503
0.08793124900433441, 0.5523677597935349
0.08803380543695058, 0.5518176484593583
0.08813835548879334, 0.5512578774482316
0.08824060043012408, 0.5507114610962778
0.08834390763259872, 0.5501603882468242
0.08844801651946682, 0.5496060798341345
0.08855126796788923, 0.5490573718993613
0.08865440431455304, 0.5485103079995504
0.08875989742080101, 0.5479518138641877
0.08886501442312378, 0.5473963911599002
0.08896842040681462, 0.5468510646033212
0.08907287313906508, 0.5463012837402745
0.08917592355090521, 0.5457599368079942
0.08928348558291499, 0.5451960081412763
0.08938822587347553, 0.5446479748667633
0.0894940720130363, 0.5440952629034858
0.08959891272219525, 0.5435489018473362
0.0897040308415121, 0.5430021981589849
0.08981046954022306, 0.5424497550538282
0.08991652642506343, 0.5419004266306696
0.09002221677680551, 0.541354125065464
0.09012851097506588, 0.5408058416733573
0.09023633049989493, 0.540250861142326
0.0903423006931064, 0.5397065519360186
0.09045040457427571, 0.5391524635976778
0.09055663914013445, 0.5386091212351881
0.09066525369888503, 0.5380548033969693
0.09077135542943614, 0.5375144818833478
0.09088180815032244, 0.5369532370564938
0.0909893600385246, 0.5364079453874384
0.09109622162958247, 0.5358673423674064
0.09120508188257725, 0.535317850149583
0.09131266244210587, 0.5347760323060056
0.09142220657500712, 0.5342255695598682
0.09152870376035438, 0.5336916249099848
0.0916400712397591, 0.5331345385488034
0.09174846216752344, 0.5325935981858547
0.0918589986792959, 0.532043230120387
0.09196897831289325, 0.5314969212313092
0.0920773504399262, 0.530959856026369
0.09218943945444047, 0.5304056887727101
0.09230076668451735, 0.5298566178904077
0.09241050671947386, 0.5293166760012471
0.09252282833743423, 0.5287653733055268
0.09263250317430373, 0.5282283742471224
0.09274480082125827, 0.5276798805782409
0.09285530405038751, 0.5271414856949086
0.09296734297004916, 0.5265969634960094
0.09307959036465344, 0.5260527997241821
0.09319274212170071, 0.5255056449138248
0.09330493874580965, 0.5249644934934357
0.09341701891833161, 0.5244252840825203
0.09353143699908338, 0.523876253943343
0.09364359100715504, 0.5233394904791284
0.09375611138990989, 0.5228023725654891
0.0938711490981573, 0.5222546905237753
0.09398563177816177, 0.5217111124753733
0.09409920898628504, 0.5211732781772909
0.09421330002540577, 0.5206344628524113
0.09432721261511672, 0.5200979459737521
0.09444338883734174, 0.5195522695785109
0.09455922467719795, 0.5190097058303955
0.09467509541585936, 0.5184684947723606
0.09479211189612122, 0.5179234749643681
0.09490699389437265, 0.5173899087669042
0.09502415904710611, 0.5168472853597069
0.09513923776048941, 0.5163158491202701
0.09525716940040606, 0.515772809097934
0.09537487559602237, 0.5152323968364707
0.0954910134035018, 0.5147007456842989
0.09560934006405986, 0.5141606723026116
0.09572736712599404, 0.5136235768616135
0.09584544944279554, 0.5130878434405335
0.09596505338861468, 0.5125468555887535
0.09608363829201651, 0.5120121194833505
0.09620250180885724, 0.5114777721311016
0.09632332556175305, 0.510936304608293
0.09644231996118749, 0.5104047065257711
0.0965624172561323, 0.5098698669347215
0.09668336931432348, 0.5093329362526318
0.09680327136003782, 0.5088023699882098
0.09692437949211334, 0.5082681922399922
0.09704735483240888, 0.5077275572178935
0.09716758616022732, 0.5072007222520295
0.09728962733838464, 0.5066677168038943
0.09741223106741843, 0.5061340439619557
0.09753366787164648, 0.5056072226619898
0.09765902356796509, 0.5050652544471794
0.09778083266611577, 0.5045404282480094
0.0979061336930764, 0.5040024208913076
0.09803106839962167, 0.5034678728692652
0.09815422894884313, 0.5029427636950551
0.09827840589030971, 0.5024151826055423
0.09840483345511104, 0.5018799640923944
0.09853016758459265, 0.5013512955676885
0.09865717472296676, 0.5008175256590109
0.09878198265358461, 0.5002949201299992
0.0989087430649594, 0.499766093263113
0.09903412620323168, 0.4992449537946722
0.09916473034544347, 0.49870417164074066
0.0992917449919393, 0.49818027055119857
0.09941826130251812, 0.4976604077278344
0.09954956033574273, 0.49712298941561683
0.09967844323455653, 0.4965975422806708
0.09980817489142367, 0.49607072210085673
0.09993792190915012, 0.4955459384814477
0.100068526171447, 0.495019811986727
0.10019976440905948, 0.4944932830241419
0.10033029213760677, 0.493971748280574
0.10046164431315935, 0.4934490820099828
0.10059438449541307, 0.49292310118964433
0.10072711133186414, 0.49239939762312246
0.10085960899863158, 0.49187882136645034
0.100991717572753, 0.49136198971893924
0.10112653144657138, 0.49083686017268585
0.10126340525911015, 0.49030607358516926
0.10139659204558453, 0.48979187899056986
0.10153152890742273, 0.48927323997758737
0.10166649882253541, 0.48875680660054666
0.10180251229403957, 0.48823874506393794
0.10194116380515951, 0.48771308377622913
0.10207760256931256, 0.48719822924929207
0.10221594541372238, 0.48667864317015114
0.10235231718569751, 0.4861688827245786
0.10249294508142061, 0.4856457368203893
0.10263248766120364, 0.4851291664973811
0.10277267999326367, 0.4846127418051564
0.10291059987825434, 0.4841071878901978
0.10305352789752086, 0.4835858974121456
0.10319458036787005, 0.4830740679844422
0.10333754390835584, 0.4825579653474034
0.1034802678648854, 0.4820454052437698
0.10362538614289861, 0.4815269947528017
0.10376832334262326, 0.4810190898301439
0.1039096934882695, 0.4805194074563546
0.1040574451106669, 0.4799999955704919
0.10420242718369395, 0.4794931329559093
0.1043489268166292, 0.4789838004766613
0.10449625106475383, 0.4784744807747651
0.10463499571907599, 0.4779974669944933
0.10479254291879614, 0.47745892529048206
0.1049427261116051, 0.47694864700658296
0.10509232382759566, 0.4764433630038711
0.10524208865479137, 0.4759405240813352
0.10539288093591849, 0.47543728307193744
0.10554526957320148, 0.47493182673887097
0.10569489217858476, 0.4744385942629648
0.10584992380798437, 0.4739307235292734
0.10600452264473013, 0.47342751190819404
0.10615576466025547, 0.47293836407842343
0.1063163919646899, 0.4724222660055349
0.10647086943805083, 0.4719292404108512
0.1066288030103948, 0.4714285482841192
0.10678621563557746, 0.47093289762604795
0.10694513402815894, 0.4704359444685614
0.1071063765856376, 0.4699352605889067
0.10726498262311132, 0.4694462451800906
0.10742856152549173, 0.4689455204004331
0.10758969973660505, 0.4684558695414824
0.10775441335158352, 0.4679590557464297
0.10791749718049033, 0.4674708505660761
0.10808202097641323, 0.4669820639130066
0.10824875177209996, 0.46649054777116367
0.10841495982353959, 0.4660044134085421
0.10858436100444338, 0.4655128917157621
0.10875314518229921, 0.4650271343643605
0.10892229081797086, 0.4645443224628999
0.10909207301791662, 0.4640637121750927
0.1092679706490358, 0.46357004342420777
0.1094393624229637, 0.463093190062491
0.1096147741864422, 0.4626094197190042
0.10978990849957143, 0.46213072774688163
0.1099659652127125, 0.4616538648453503
0.11014352499711066, 0.46117735486067096
0.11032409881293188, 0.4606973194881346
0.11050306041868246, 0.4602261166839873
0.11068563244978111, 0.4597500785061755
0.1108683629928991, 0.4592783572339798
0.11105452562191027, 0.4588026492099152
0.11123680685008513, 0.45834163180401705
0.11142681046840033, 0.4578661165237001
0.11161397257552817, 0.4574027423105519
0.11180468841468703, 0.4569357115743824
0.11199600326990031, 0.45647243542839255
0.11218877068159297, 0.45601093814026883
0.11238652267807941, 0.45554303888077813
0.11258015482280458, 0.4550903226853361
0.11277811842711676, 0.45463304614455463
0.11297556449082805, 0.4541825782008341
0.11317936651637861, 0.4537234958842643
0.1133816020665953, 0.4532738603987637
0.11358689429314216, 0.4528234658375382
0.11379492816156972, 0.4523732682040185
0.11400328001339967, 0.451928657113859
0.1142177912906108, 0.45147747034688274
0.11442709410470506, 0.45104366897468706
0.11464341744861306, 0.4506019986088835
0.11485850578398671, 0.45016959093389014
0.11508168129339325, 0.44972803830697333
0.11530128837247838, 0.4493006248724735
0.11552859005018296, 0.44886563867432555
0.11575755356104313, 0.4484350930346557
0.11598799764147245, 0.4480094938191026
0.11622059909133281, 0.44758778239735575
0.1164581996569629, 0.44716518071495026
0.11669289043736988, 0.4467558707667706
0.11693934845012692, 0.4463347290704165
0.11718317972697602, 0.4459268448090982
0.11743072381532658, 0.445521679266798
0.11768349910468677, 0.44511724320390844
0.11793884737095482, 0.444718230308769
0.11819870914442279, 0.44432201565678714
0.11845989803696959, 0.44393379825388374
0.11873061875769403, 0.443542023226842
0.11900258005961367, 0.44315933424605747
0.11927488956940675, 0.44278708898899877
0.11956076136833965, 0.4424080823611424
0.1198500777875071, 0.4420367985487769
0.1201476851274323, 0.4416677808755517
0.12043975976671911, 0.44131835451988544
0.12074222779049658, 0.4409697917553911
0.12105780494266169, 0.44062054944538004
0.12137355856220511, 0.4402858616587808
0.12169841633272059, 0.4399569253507708
0.12203244920210057, 0.4396349897523575
0.12237477453460359, 0.43932220161588525
0.12272724975372129, 0.43901826873673216
0.12308433933372137, 0.43872911292228
0.12346458223764928, 0.4384419592464452
0.12384606325308416, 0.438175372546986
0.12424721901644795, 0.437918260673207
0.12466422904363812, 0.43767621386494887
0.1250982884927469, 0.43745156922391104
0.12554962953201257, 0.4372474896351643
0.12602084692330218, 0.43706649626034766
0.126524153212967, 0.4369093267532657
0.12704773736802916, 0.43678540120087656
0.1276179023032063, 0.4366962836986352
0.12823107899415176, 0.4366536740168923
0.33313653135031324, 0.43638461264099515
0.33324569889505956, 0.4358355534642009
0.3333517983933249, 0.4353027340143424
0.3334637541375844, 0.43474137339586394
0.33357330827262804, 0.4341929213362767
0.3336784244975657, 0.4336674955271789
0.3337915345349417, 0.4331030010612406
0.33390108500106735, 0.4325571528904345
0.33401103319022635, 0.4320101988460369
0.3341210444847109, 0.4314638125636912
0.33423008601001464, 0.43092311652029136
0.3343408528156264, 0.43037475962016086
0.3344531907751796, 0.4298195487127336
0.33456071266111315, 0.4292890154124873
0.3346760634544283, 0.4287208081154469
0.33478217568133467, 0.4281989857564744
0.33489300870816685, 0.4276548485606058
0.33500474694438204, 0.4271072020316366
0.335118370284943, 0.42655128253269514
0.3352269974868133, 0.4260207218442305
0.335338668070326, 0.4254762318908268
0.3354499686073812, 0.42493449330922844
0.33556375260114313, 0.4243816479397553
0.3356765859287283, 0.42383440476223655
0.3357879371844592, 0.42329531309150054
0.3358990368013116, 0.42275839702752666
0.3360123610551826, 0.42221171864623347
0.33612445726255497, 0.4216719503909294
0.33623821652143626, 0.42112518039892965
0.33635179199378024, 0.42058030862450285
0.3364635931605877, 0.42004494297050965
0.33657792325353586, 0.4194984909784202
0.33669131573113154, 0.41895754636979243
0.33680504434244046, 0.41841602817090195
0.33691831570235287, 0.41787771607906166
0.3370331138088623, 0.4173331996394301
0.3371475917518553, 0.4167912595369903
0.33726212315159065, 0.41625012706608333
0.33737670738283665, 0.4157098103560816
0.33749251578511186, 0.4151648076629641
0.33760681718054714, 0.414627971839326
0.33772267260886724, 0.4140849306306154
0.3378384000773108, 0.4135435919113367
0.3379541797806845, 0.4130031154800968
0.3380719367460515, 0.4124545482099873
0.33818599737345834, 0.41192429927779267
0.33830111295890547, 0.411390246354228
0.33841735326892586, 0.4108521008850477
0.3385343934835839, 0.4103113985121942
0.3386507766602601, 0.4097748759193597
0.33876776743862147, 0.4092367062144281
0.33888416437105784, 0.40870242017161074
0.33900504254213215, 0.40814878450737835
0.33911987846738345, 0.40762397835962766
0.3392384002815573, 0.4070835118690612
0.33935677385723256, 0.4065482372888424
0.33947392598077475, 0.4060130868087044
0.33959359647422643, 0.40547104022598934
0.3397127720950454, 0.40493246980571024
0.3398307528079911, 0.40440051683140193
0.33995079508796666, 0.40386051590799205
0.34007266991491586, 0.4033135624318336
0.3401896121882561, 0.40278997224748975
0.34030986581725686, 0.40225281291390375
0.3404297619759883, 0.4017185230311972
0.3405495065390534, 0.4011861810376367
0.3406692281171489, 0.4006552162791107
0.34079166476328615, 0.40011353289328666
0.34091327773048075, 0.3995768217494348
0.34103509311690017, 0.39904054829356184
0.3411562906108765, 0.3985083210496072
0.34127827199806376, 0.3979739909707336
0.34140030733475163, 0.3974407733803641
0.34151824332390585, 0.3969267530584611
0.3416436119702791, 0.3963817275609691
0.3417684437161301, 0.3958404634970812
0.341889991322601, 0.3953148119393579
0.3420130257373985, 0.3947841137923101
0.34213700020551835, 0.3942507726891293
0.342261453664577, 0.3937168005909724
0.34238376994035197, 0.3931933979216541
0.3425096876689719, 0.3926560380215857
0.34263403815637566, 0.39212681796083393
0.34275837580565766, 0.3915990989310036
0.34288495680224534, 0.3910633485474076
0.3430096218002699, 0.3905371810629696
0.34313769662163485, 0.3899981490327581
0.3432590181890681, 0.38948897109410097
0.34338892322221204, 0.3889453172965165
0.34351493893526314, 0.3884194746532338
0.3436424740966209, 0.38788883436233335
0.34377099131677824, 0.3873556823249486
0.3438971988830132, 0.38683365413871074
0.3440245668333707, 0.3863083799799199
0.34415550046631876, 0.38577003212068994
0.3442829193463987, 0.3852477278239408
0.34441045891407385, 0.384726505938374
0.34454039881916615, 0.3841971015360069
0.3446692463379759, 0.38367377368632705
0.34480001214880773, 0.3831443143281746
0.3449285272293756, 0.38262560149294267
0.34505771345890546, 0.382105816115338
0.3451907174226593, 0.38157238853527026
0.34532344000864335, 0.3810418321278471
0.34545391480498605, 0.38052196256067333
0.34558534587619233, 0.3799999926096607
0.34571750198247, 0.3794768780220546
0.3458501774730976, 0.378953461916025
0.3459822221462192, 0.3784342841770866
0.3461182133513216, 0.37790141867922383
0.3462506353637002, 0.37738432701912156
0.34638524859873804, 0.3768604921667162
0.3465197682104424, 0.37633885248469756
0.34665117105442533, 0.3758310705073102
0.34678881787770643, 0.37530104204047077
0.3469233420895623, 0.37478490310037527
0.3470612397921451, 0.3742577396541584
0.34719579312063376, 0.3737452383668421
0.3473300817882371, 0.3732355982685939
0.3474689023527263, 0.3727107099105842
0.3476076753843331, 0.3721879882597994
0.34774508742379723, 0.37167235541857285
0.34788375119677584, 0.37115400966760353
0.3480210917374792, 0.37064257980795945
0.34816082001278353, 0.37012427467722253
0.3483002019091922, 0.3696092852609652
0.34844040987354835, 0.36909329493070125
0.34858174995236474, 0.3685752254391071
0.34872218784746756, 0.36806254328915994
0.34886514924770573, 0.36754278388096306
0.3490053391713877, 0.36703519729838097
0.3491487493391076, 0.3665181043764999
0.3492918456678463, 0.36600431858959454
0.34943413604916235, 0.3654955862986066
0.3495786718106705, 0.36498103601720294
0.3497218833208236, 0.3644734017883407
0.34986604139799604, 0.3639646306412163
0.35001327889742867, 0.36344729403390064
0.3501594188473858, 0.3629361199680197
0.3503043041895257, 0.36243160741927494
0.3504514399531032, 0.3619215799808589
0.35059857819788287, 0.3614138884447662
0.3507462343752846, 0.3609067719129077
0.3508911933622828, 0.36041122547893784
0.35104492078955957, 0.35988820638771446
0.3511933120798555, 0.3593857908193985
0.35134149852845237, 0.358886474400882
0.3514957795167537, 0.35836918208392443
0.35164395100539314, 0.35787483790146785
0.3517989888793632, 0.35736017498355394
0.3519485587098491, 0.3568661787543837
0.35210081398493975, 0.3563658551575443
0.3522549258285799, 0.35586204788981046
0.35241049638985067, 0.3553561479911376
0.3525619496159295, 0.3548662254140774
0.35271827655686716, 0.3543632207765245
0.35287860325207077, 0.35385018360724757
0.3530318048504382, 0.35336263623831804
0.35318811690344093, 0.35286790491945125
0.353348279347279, 0.3523638368537311
0.3535071203914411, 0.35186678210262545
0.3536664482348496, 0.3513710654959666
0.3538266408873469, 0.35087555309668234
0.3539878549227339, 0.35037981757842707
0.3541485779355985, 0.3498885297702638
0.3543143540878441, 0.34938487490549375
0.35448157761873766, 0.3488799965812998
0.35463903476430475, 0.3484075241827648
0.35480064033034714, 0.3479255538641368
0.35496602651947934, 0.347435407987146
0.35513591356942736, 0.3469351939566985
0.35530192916087844, 0.34644958723278746
0.3554685082209276, 0.34596552561111965
0.3556378838457851, 0.34547662309837124
0.3558081346285314, 0.34498853921792044
0.3559742960934489, 0.34451541811916675
0.3561503884046613, 0.34401751913314255
0.35632086557223835, 0.34353893288231346
0.35649320603699425, 0.343058557734797
0.35666967013359246, 0.34257028070655376
0.35684574016982773, 0.34208672282469815
0.35702216428561145, 0.34160583445365317
0.3571932594696705, 0.3411429594163061
0.35737427519923926, 0.3406569909624486
0.357552723220036, 0.34018169150814187
0.35773477757560973, 0.33970065596422466
0.35791314357990206, 0.3392331624462668
0.3580962547257129, 0.33875714725607736
0.3582788975002292, 0.33828630744862104
0.35846032506906994, 0.33782251998138907
0.35864874618797904, 0.3373449966400689
0.35883610056414245, 0.33687436784128355
0.3590237283538142, 0.33640724710690867
0.3592135279467054, 0.33593899712778513
0.359402723606512, 0.3354765254566765
0.3595938477346902, 0.33501369359203165
0.35978484574510466, 0.334555545157729
0.35998065849701905, 0.334090397749761
0.3601776019212783, 0.33362721806644685
0.36037216573599784, 0.3331742242583338
0.360571531860222, 0.33271478801068494
0.36076990861173863, 0.3322623991283824
0.3609740729755045, 0.33180178447916425
0.3611730138271891, 0.33135781342085685
0.36138044542251246, 0.3309000080319889
0.3615874841738299, 0.33044828292892126
0.36179370767257923, 0.33000352105150926
0.36200403401063264, 0.3295552472392922
0.3622155418297426, 0.3291098969819718
0.36242626830504904, 0.3286716255045074
0.3626427972334968, 0.3282269426419298
0.3628603634258493, 0.32778591134450386
0.36307567069912544, 0.3273551716364435
0.3632989231326358, 0.32691454520386914
0.363517964380107, 0.32648818218483705
0.36374684609947455, 0.3260489703908338
0.3639701171049124, 0.32562674133263825
0.3641999838250337, 0.32519845971744005
0.36443141611629604, 0.3247738489735723
0.364667791705985, 0.32434699930648175
0.3649010043082754, 0.3239326330931597
0.3651399355834141, 0.32351508850408994
0.36537906778510926, 0.32310427545078035
0.3656266188161282, 0.32268647062273575
0.3658699413759317, 0.3222832159230229
0.3661223538713828, 0.3218726700772303
0.3663732570741691, 0.3214724308380978
0.36663027659075376, 0.32107055831205084
0.36688555668122375, 0.3206795498316907
0.3671510860001572, 0.32028146122504597
0.367417230384417, 0.31989127541303586
0.367692345708976, 0.319497230799365
0.3679591707036302, 0.3191240906055572
0.36823522398769876, 0.3187474095232666
0.36851542199339626, 0.3183748173746062
0.36880145094952277, 0.3180046024610609
0.36909559122491375, 0.3176345686638793
0.3693924270709889, 0.31727212695108553
0.36969001039126803, 0.3169198517355237
0.36999484069083016, 0.3165705030208482
0.37030260008592825, 0.31622961280201667
0.3706209786776075, 0.31588945630652426
0.37094469460131396, 0.31555662882309937
0.37127999428806924, 0.3152257463016673
0.3716131375606732, 0.3149109547611392
0.3719601991838571, 0.31459781322303243
0.37231056536136137, 0.31429700918344217
0.37267270856821877, 0.3140022672296286
0.3730406653174493, 0.31371962737419506
0.37342555425673224, 0.31344213121333375
0.37381619495056395, 0.3131794551141909
0.3742168962639063, 0.31292985429213077
0.3746454214055073, 0.3126851393963657
0.3750646166170545, 0.31246795230613056
0.37551522886504585, 0.3122589487973909
0.37598602182907626, 0.3120676260888458
0.37646960440636656, 0.3118998365464705
0.3769795096074498, 0.31175440071713373
0.37751531363815655, 0.3116363409140068
0.37807890953273127, 0.3115505214615539
0.3786996862523732, 0.3115014073806682
0.37903170360474725, 0.3114946335494947
0.5781579444033699, 0.3110326445994397
0.5782784116500808, 0.3105044304510433
0.5784011689970201, 0.30996689735494126
0.5785234364444594, 0.3094322384688582
0.5786452523111623, 0.30890028189807256
0.5787698331744958, 0.30835700632271285
0.5788872764572855, 0.30784555985265927
0.5790131868626177, 0.307298002840965
0.5791361760257405, 0.30676391552246374
0.5792602656300772, 0.30622582076011995
0.5793825821464264, 0.3056961770120825
0.5795050876612139, 0.30516647753949494
0.5796292436996328, 0.3046304242943475
0.5797513065699169, 0.3041041808548146
0.5798692181789464, 0.3035965655046047
0.5799988669902258, 0.30303925440416984
0.5801243764163712, 0.30250057295908545
0.5802479945069051, 0.3019708171939178
0.5803706508554901, 0.301445979708952
0.580495781297953, 0.30091137778778604
0.5806201471405001, 0.3003808693309585
0.5807440212447497, 0.29985328203023714
0.5808697982619438, 0.29931843529236396
0.5809940088798949, 0.2987910893415717
0.5811212735811406, 0.2982516470949946
0.581244413536643, 0.2977305309793166
0.5813691383433627, 0.2972035566499074
0.5814965359488802, 0.29666617555957064
0.5816226865794535, 0.2961349410567338
0.5817433571532361, 0.29562761328789733
0.5818713855191757, 0.2950902426957253
0.5819990990520119, 0.2945551119540354
0.5821266400755325, 0.2940216238474703
0.5822511516567536, 0.293501698379976
0.5823760406400991, 0.29298108525703886
0.5825045580041917, 0.2924462799063697
0.5826357987595785, 0.2919011228488033
0.5827639130121454, 0.2913699137556442
0.5828884269971275, 0.2908545465541118
0.5830161356295813, 0.29032689661555316
0.5831438338011037, 0.2898002459696766
0.5832732629684504, 0.28926743633331975
0.5834010743669605, 0.28874225888563104
0.5835303173778281, 0.2882121859812721
0.5836600997663699, 0.28768090407055413
0.5837876928008386, 0.287159568871327
0.5839166525409843, 0.2866336454183065
0.5840456633441662, 0.2861085199324634
0.5841744778848774, 0.28558520176669966
0.5843046973427164, 0.28505720465281936
0.5844344561280048, 0.2845321085417702
0.5845632130410094, 0.2840120904330533
0.5846954428264225, 0.2834791120581684
0.5848248358623731, 0.2829586176949721
0.5849556462370702, 0.28243348205365276
0.585085330191691, 0.2819139248790245
0.5852188075108665, 0.28138027329465903
0.5853517199569902, 0.280849996598003
0.5854811071268292, 0.280334859172322
0.585612737936456, 0.2798118812552806
0.5857431653618538, 0.279294775440283
0.5858762752988848, 0.27876815844785724
0.5860127498513857, 0.2782294139639567
0.5861417969303131, 0.27772109694609154
0.5862789071524398, 0.2771822027698502
0.5864076809805856, 0.27667718854147294
0.5865417281976624, 0.27615264518788624
0.5866761083274142, 0.27562798275586947
0.5868100801096054, 0.2751060989366227
0.5869475871234557, 0.27457167820413886
0.587077688044488, 0.27406719699053433
0.587211317093317, 0.2735502094181607
0.5873472516795903, 0.273025527700093
0.5874830908685036, 0.27250245364539255
0.5876188210352088, 0.271981041596712
0.5877549947396592, 0.27145917814341175
0.5878869143862564, 0.2709548183914168
0.5880244347889989, 0.27043030824559394
0.5881627106579965, 0.2699042209785883
0.5882973103518583, 0.2693933809158597
0.5884362060387279, 0.2688675451174058
0.5885719854814796, 0.26835479638191234
0.588710772009846, 0.2678320141413563
0.5888494886798391, 0.2673108355588999
0.5889829680359538, 0.26681060401724876
0.5891251633672284, 0.266279082964446
0.5892647461082138, 0.26575871188655664
0.5894054737442344, 0.26523546583252666
0.5895421336739166, 0.2647286876241933
0.5896798906412309, 0.26421918567184305
0.5898220280402158, 0.2636949021267884
0.5899639645700325, 0.26317280333010085
0.5901007212318453, 0.2626711275730509
0.5902431938502867, 0.26214991774815877
0.5903802824405999, 0.2616497906957833
0.5905238371404342, 0.2611275361316992
0.5906656199457035, 0.260613200928355
0.5908079167545719, 0.260098478013027
0.5909505815263263, 0.2595839143147927
0.5910923993711065, 0.25907388905912143
0.5912365221671834, 0.25855709496029383
0.5913787525650043, 0.2580485942156983
0.5915232318177432, 0.25753359171574547
0.5916672414815631, 0.2570218108725544
0.5918106386046307, 0.2565137472042673
0.5919563146188213, 0.25599918818737233
0.5921004327012112, 0.25549170295648577
0.5922461511842595, 0.2549801757306142
0.5923907492411732, 0.25447417043847137
0.5925397881256401, 0.25395428646038104
0.592682062565111, 0.2534595769095643
0.5928315999443895, 0.252941279961885
0.5929798594730991, 0.2524291037941178
0.593128454942813, 0.25191746249894353
0.5932714276779453, 0.25142678832859544
0.5934230793061575, 0.25090805632248986
0.5935722890988888, 0.25039941769129515
0.5937202723224125, 0.2498966710086596
0.5938729891944861, 0.2493796341720823
0.5940190269506275, 0.24888691722484485
0.5941681175365515, 0.24838562700728176
0.5943191461314343, 0.24787960441572993
0.594473822629581, 0.24736322583583292
0.5946226176850656, 0.24686826949059879
0.594774077422109, 0.2463662545476502
0.5949277468462356, 0.2458587821907676
0.5950792568913525, 0.24536028678955948
0.5952342109770256, 0.24485236101006452
0.5953861707294303, 0.24435612275352203
0.5955409278867059, 0.243852660222895
0.5956977838617812, 0.2433443429288796
0.5958500859357954, 0.24285268932495974
0.5960056889693333, 0.2423523244932493
0.5961622244047883, 0.24185095004517745
0.5963210582214585, 0.24134425831002745
0.596471432189051, 0.2408664567730556
0.5966329514140192, 0.24035530897825355
0.5967900271603561, 0.239860281776911
0.5969501950360422, 0.23935760552687868
0.5971075499760539, 0.23886582374479068
0.5972644997338122, 0.23837735359983916
0.5974278366568602, 0.23787117955820308
0.5975891182803474, 0.23737355678253144
0.5977487807560141, 0.2368830708990718
0.5979104403398169, 0.23638862583776404
0.5980719332965844, 0.23589688202146725
0.5982363612786774, 0.23539845731421288
0.5983983454013231, 0.23490967218699124
0.5985597955604893, 0.23442470766855464
0.5987263122136783, 0.2339268407203987
0.5988916121174201, 0.23343494380712948
0.5990571214733297, 0.2329447572510242
0.5992218156977315, 0.23245930833190362
0.5993900100731728, 0.23196594033982187
0.5995551597841462, 0.2314838666115023
0.5997237709642541, 0.23099411039305962
0.5998913164580858, 0.23050987881944196
0.6000606630704888, 0.23002290816197776
0.600233552472495, 0.22952831383752534
0.6004031942246967, 0.22904553399376826
0.6005737985488686, 0.22856254170646162
0.6007452085105273, 0.22807982642242816
0.6009175059647441, 0.22759720143124088
0.6010933047778869, 0.22710745069500052
0.6012659939568775, 0.22662900633566305
0.6014387142003145, 0.22615310212918444
0.601615067183481, 0.2256699043015651
0.601790396654113, 0.22519223698185162
0.6019689907979433, 0.22470847602742794
0.6021444201341675, 0.22423604529164926
0.6023221247649666, 0.22376027948306815
0.602500908282925, 0.2232844670561566
0.6026829358412352, 0.22280295560047672
0.6028615749150643, 0.22233329240537192
0.6030437547758597, 0.2218572693390386
0.6032251962674383, 0.22138614171698462
0.6034127026970915, 0.2209023824999505
0.6035943965289777, 0.220436647569993
0.6037781201088472, 0.21996874628975197
0.603963285862885, 0.21950026755488794
0.6041513556297122, 0.2190276287296178
0.6043351305665096, 0.21856889202528737
0.6045257060393241, 0.21809643163791553
0.6047144059901501, 0.2176318891692068
0.6049061592006649, 0.2171631678261681
0.6050947343301595, 0.21670550238891195
0.6052889044670322, 0.2162376707507535
0.6054833768394928, 0.2157725878902996
0.6056765181805219, 0.21531413847076986
0.6058722370919215, 0.21485308460750527
0.6060687603430923, 0.21439370115618941
0.6062671916556057, 0.2139334885220769
0.6064626680573326, 0.2134837026734792
0.6066620018756965, 0.2130286996695524
0.6068649305007963, 0.21256929239299202
0.6070655300570339, 0.21211893363917664
0.6072698803893252, 0.21166402042309135
0.6074744044326499, 0.21121263390007347
0.6076817244337127, 0.2107590787997785
0.6078880603879905, 0.21031168348735987
0.6080982624153425, 0.2098600223618207
0.6083029979041944, 0.2094241077692096
0.6085161298259708, 0.20897451619549182
0.6087292399251134, 0.2085292611653493
0.6089414996915635, 0.20809005367506808
0.6091548790892114, 0.20765283180742183
0.6093753334252973, 0.20720565020182566
0.6095898419835273, 0.2067749616789785
0.609810420404344, 0.20633665150861982
0.6100314128533556, 0.2059021669684675
0.6102501708784708, 0.20547666387211339
0.6104787930016203, 0.2050368591501129
0.6107047473185808, 0.20460709833775775
0.6109342279056854, 0.20417563481538345
0.611160283262801, 0.2037555479327226
0.6113928831559162, 0.20332841952953973
0.6116233261164283, 0.20291037938101836
0.6118643680458855, 0.20247857925173593
0.6121008000662794, 0.20206047420892817
0.6123371282378482, 0.20164793957592572
0.6125779736800548, 0.20123306638322014
0.6128194081508527, 0.20082280412483516
0.6130642119390857, 0.20041257308584023
0.6133111589113496, 0.20000462905728272
0.6135600115003795, 0.19959951515827334
0.6138117549303015, 0.1991958067263954
0.6140705858694053, 0.1987871468006349
0.6143221213483934, 0.19839624164860864
0.614583480685875, 0.19799658648893212
0.6148442617438424, 0.19760444037401573
0.6151073353554873, 0.19721555660747653
0.6153777637351965, 0.19682282989651312
0.6156450579189349, 0.19644166184823886
0.6159214652729194, 0.1960548290905028
0.6161967260191368, 0.19567701256127024
0.6164752314673737, 0.19530227369680653
0.6167586555742292, 0.194928697458531
0.6170419435835204, 0.19456314716860434
0.6173343400702143, 0.19419407355366183
0.6176285636019813, 0.19383113530173557
0.6179255358630256, 0.1934733955050205
0.6182237788155005, 0.1931228113756445
0.6185333330511879, 0.19276813867696946
0.618841244880894, 0.19242465334641873
0.6191699339907099, 0.19206823201296294
0.6194755357173587, 0.1917463334985138
0.6198007241584403, 0.1914138426748327
0.6201335680683967, 0.19108424173999933
0.6204655827030593, 0.1907662609052937
0.620807782307603, 0.19044980887046903
0.6211507018654367, 0.1901441764480371
0.6215052052564222, 0.18984030059584434
0.6218661292988027, 0.18954353107986296
0.6222306004695703, 0.18925674779990392
0.6225965722342693, 0.1889818200993921
0.622986887378648, 0.18870298795946758
0.6233792913979196, 0.1884376142259164
0.6237764882000494, 0.18818424868916175
0.6241944511222479, 0.18793418244062524
0.6246015097160048, 0.18770692702892852
0.6250400649769159, 0.18748004512204447
0.6254890247193532, 0.18726704286038381
0.6259417722789486, 0.18707194216482934
0.6264155158401762, 0.18688892901925713
0.6269035908499734, 0.1867229334365097
0.6274125217566863, 0.18657416189717005
0.6279341261602284, 0.18644737571628786
0.6284868783212493, 0.18634131380837743
0.6290678730027974, 0.18626111161481892
0.6296577796362226, 0.1862123558601381
0.6302413861594777, 0.18619638973895386
0.8170669326778696, 0.18614715668173482
0.8172230997210428, 0.18561200847577267
0.8173680737519019, 0.1851156936702178
0.817512874881755, 0.18462043498287278
0.8176617207142076, 0.18411183118598243
0.8178122667364993, 0.18359792754523577
0.8179657663455363, 0.18307447514729194
0.8181114732719953, 0.18257810062094126
0.8182597130983128, 0.18207360634783495
0.8184084386107423, 0.18156798044954656
0.8185599391157938, 0.18105346277985485
0.8187044779617888, 0.18056310341765844
0.8188580516837917, 0.1800426497197654
0.8190145877768484, 0.1795127535033218
0.8191550085541985, 0.17903792762198506
0.8192999577686679, 0.17854830762808974
0.8194551986309196, 0.17802451355627905
0.8196046715156151, 0.17752076303240105
0.8197535508283188, 0.1770195859434834
0.819905029388893, 0.1765102513376723
0.8200563657100499, 0.1760019972472713
0.8202058231761347, 0.17550064942571297
0.820355726108787, 0.17499840786545307
0.8205072521413367, 0.17449134494803456
0.8206596650378868, 0.17398194534592018
0.8208102630987817, 0.17347923852878586
0.8209612093332173, 0.1729760005204494
0.8211141262210514, 0.17246684233174406
0.821262463619001, 0.17197356239327866
0.8214145758585738, 0.17146837956566371
0.8215674765622809, 0.1709612469151455
0.8217178638356207, 0.1704631101270327
0.8218720955116496, 0.1699529241675448
0.8220220488269702, 0.16945756097853323
0.8221754058037976, 0.1689516430174737
0.8223267992643116, 0.16845289146830886
0.8224800042802781, 0.16794887417878937
0.8226330909735571, 0.16744595726172706
0.8227834650633835, 0.16695264910599708
0.82294110475408, 0.16643625361777228
0.8230926884921201, 0.16594042352358537
0.8232459553249933, 0.16543981850698197
0.8234063064693636, 0.1649168666245996
0.8235557734528366, 0.16443014599473646
0.8237110616193307, 0.1639252258879598
0.823874013895195, 0.16339622092933923
0.824019908144367, 0.16292332356333006
0.8241748282188583, 0.16242193132131422
0.8243292346360769, 0.1619229870176359
0.8244856665448195, 0.16141830290031858
0.8246375470872334, 0.16092908335986408
0.8247923833906269, 0.16043114040610887
0.8249506189929524, 0.15992310289831624
0.8251069761088704, 0.15942193361247156
0.8252635765105961, 0.15892082416489897
0.8254199552531156, 0.15842126807946402
0.8255755795614965, 0.15792496493668912
0.8257339729089005, 0.15742070007114747
0.8258895808817239, 0.15692616201608772
0.8260464710855427, 0.1564284165793586
0.8262068375778456, 0.15592054850865658
0.8263603883822961, 0.15543512906954543
0.8265128924627381, 0.15495386029253228
0.8266765497348504, 0.15443833329981518
0.8268392381680603, 0.1539268274290604
0.8269905614317901, 0.1534519273506748
0.82715224542272, 0.15294544719831663
0.827311914399265, 0.15244623289155373
0.8274702412157556, 0.15195215637037088
0.8276376631175073, 0.15143072350747308
0.8277887091181602, 0.15096120325936022
0.827944039431766, 0.15047927096187938
0.8281097297347941, 0.14996621331211546
0.8282670720276937, 0.1494799832955061
0.8284290467548517, 0.14898043883951084
0.8285884075854347, 0.14848995248384148
0.8287502169381269, 0.1479929470105621
0.8289120774943216, 0.1474968151857147
0.8290732754114938, 0.1470037448389748
0.8292410368307578, 0.14649169603286
0.8293982030390488, 0.1460130078269971
0.8295606391623358, 0.14551931274190807
0.8297230475119876, 0.14502676848371004
0.8298856299527013, 0.14453476991516304
0.8300485914636299, 0.14404270780867307
0.8302104862434034, 0.14355494645369163
0.8303761841307653, 0.14305684712718564
0.8305411843324245, 0.14256197683082963
0.8307029950983867, 0.142077774681274
0.830869023096851, 0.14158209321961612
0.8310321648471717, 0.14109615933801548
0.8311981605136817, 0.1406028807263516
0.8313630255756268, 0.14011412155752723
0.831528213505171, 0.13962556996912528
0.8316926741499483, 0.1391403331044396
0.8318600557561479, 0.1386476759911284
0.8320287725060499, 0.13815231794468574
0.8321936367648538, 0.1376694683193557
0.8323606200399474, 0.13718162466642886
0.832527233520028, 0.13669608272550626
0.8326964291179316, 0.13620427026341905
0.8328646821150226, 0.1357164567614725
0.8330338438019479, 0.13522728016241456
0.8332011596937928, 0.13474470086631393
0.8333703367740835, 0.134258032864579
0.83353989105281, 0.13377157624354233
0.8337104448844059, 0.1332835670141945
0.8338813750379861, 0.13279581012950878
0.8340512087304979, 0.13231250553939802
0.8342231333188137, 0.13182460022441003
0.8343931931193928, 0.1313433283285842
0.8345620178721087, 0.13086687667298202
0.8347341873941585, 0.13038235084083277
0.8349055064689832, 0.12990159250025912
0.8350820773421421, 0.12940753680101746
0.8352515864186968, 0.12893462153394897
0.8354242093617389, 0.12845441489485998
0.8356022431047205, 0.12796063793821766
0.8357725428930937, 0.12748972452796128
0.8359488981588463, 0.12700352886382943
0.8361256300324127, 0.1265177934349607
0.8362997417363877, 0.12604073197906915
0.836475542515979, 0.12556053116094504
0.8366545999390518, 0.12507297833198028
0.8368261411923087, 0.12460735766957678
0.8370039914828177, 0.12412613301730814
0.8371802865044365, 0.12365065026822926
0.8373606287792711, 0.12316583751537354
0.8375387483321063, 0.12268858010139765
0.8377218202085509, 0.12219969563547056
0.8378928986798488, 0.12174434913293224
0.8380745126215925, 0.12126256340726066
0.8382553041120736, 0.12078460411972242
0.8384318829224174, 0.12031937143157825
0.8386191395542886, 0.11982772799166092
0.8387975074112366, 0.11936107620203575
0.8389837182277523, 0.11887563326544959
0.8391649392595247, 0.11840489891816287
0.8393433000631749, 0.11794323754111098
0.8395250051949407, 0.11747460174112245
0.8397109814348822, 0.11699671389629669
0.8398950121921567, 0.1165255870979937
0.8400774366473726, 0.11606030783900763
0.8402606481592733, 0.11559476561988255
0.8404523027898977, 0.1151096462134781
0.8406360364511466, 0.11464638396778291
0.8408238013145342, 0.11417479126160275
0.8410121435605584, 0.1137036163099782
0.8411992290512097, 0.11323744315178615
0.8413880757779529, 0.11276876487793398
0.8415754656396108, 0.1123055782799654
0.841764619028438, 0.11183993347332173
0.841956768251971, 0.11136887483296325
0.8421448866578296, 0.11090961816486915
0.8423375317269626, 0.11044128524845716
0.8425270740769063, 0.10998245100339286
0.8427151043899473, 0.10952919911491159
0.8429107324056824, 0.10905967039584627
0.8431072164377521, 0.10859018457768971
0.8433009460308651, 0.10812934400582772
0.8434935145701133, 0.10767330156892146
0.843690033321635, 0.10721000280942546
0.8438871736208648, 0.10674737434502024
0.8440733894218124, 0.10631235190447894
0.844279230226293, 0.10583371538354655
0.8444775645738257, 0.10537475645978323
0.8446746659401143, 0.1049208177044765
0.844876277158613, 0.10445873295141174
0.8450767814944943, 0.10400143792122102
0.8452740736163272, 0.10355366731593761
0.845477384512857, 0.10309452339738326
0.8456776296030196, 0.10264457737015471
0.8458808241068146, 0.10219031662958925
0.846086767950362, 0.10173229195315964
0.8462868319161618, 0.10128964628266147
0.8464907930171527, 0.100840718760442
0.8466945708640077, 0.10039455983486065
0.8469051531180012, 0.09993599247661576
0.8471121998522406, 0.09948759641010865
0.8473214061455602, 0.09903701865930983
0.8475269390938854, 0.09859679999059308
0.8477358640570353, 0.09815180765732931
0.8479471812333007, 0.09770428050505038
0.8481591775975684, 0.09725790759307062
0.8483697625391008, 0.09681708254501349
0.8485853816463702, 0.09636838472545915
0.848795595748963, 0.09593353590821078
0.8490118265682718, 0.09548892561698906
0.8492297227099483, 0.09504365035688107
0.8494461449704148, 0.09460413382496262
0.8496607338440435, 0.09417104825713293
0.8498740040016858, 0.09374330013484418
0.8500990891078746, 0.09329475372591416
0.8503185004675204, 0.09286038378326048
0.8505386499534926, 0.0924274049246902
0.8507610179320254, 0.09199296804229433
0.8509835077950337, 0.09156121985285541
0.8512083141188544, 0.09112795464773929
0.8514353037525602, 0.09069352356053421
0.8516627762476454, 0.09026123937417259
0.8518853842920047, 0.08984118020832937
0.852113272612085, 0.0894142157772174
0.8523424575790391, 0.08898794715298665
0.8525766257726495, 0.08855565144547066
0.8528031089816013, 0.08814066371815017
0.8530397141048466, 0.08771041123271765
0.8532698256502873, 0.08729518756966007
0.8535057580140186, 0.08687276187463938
0.8537419210522172, 0.08645327450150325
0.8539784761595257, 0.08603645582080119
0.8542177018580769, 0.08561836033490414
0.8544577267828691, 0.08520233708664714
0.8547000070588142, 0.08478593227476569
0.8549415676841274, 0.08437429597248731
0.8551858553053101, 0.08396160235419674
0.8554296327683631, 0.083553372279121
0.8556756623065777, 0.08314502189330958
0.8559239091645708, 0.08273671179084327
0.8561741004307126, 0.08232898766194842
0.8564263258642706, 0.08192179661002667
0.8566708733403865, 0.08153069226326538
0.8569317690633167, 0.08111745167285266
0.8571830039415629, 0.08072342752933478
0.8574424190182913, 0.08032060624916476
0.8577013874673127, 0.0799225667602535
0.8579552373346696, 0.07953636079927325
0.8582236111583661, 0.07913232981092423
0.8584843891453683, 0.07874394142656427
0.8587514412592718, 0.07835050764677243
0.8590164687005318, 0.07796435841795887
0.8592864729825049, 0.07757536546833801
0.8595561652160923, 0.07719126356375976
0.8598271288099472, 0.0768098216489675
0.8601073090696671, 0.07642011773550424
0.8603775125178688, 0.0760488288971089
0.8606572919745168, 0.07566907683883675
0.8609333897911288, 0.07529900437991002
0.8612214817938423, 0.07491781313159077
0.8615054075997548, 0.07454708697567655
0.8617909165908403, 0.0741792496226369
0.8620798158236445, 0.07381210103587137
0.8623683538821172, 0.07345048599169972
0.8626590526903228, 0.07309128869759873
0.8629578641025192, 0.07272742619354504
0.8632578884443582, 0.07236754887219912
0.8635569675007135, 0.07201424871254045
0.8638604563741038, 0.07166129018833356
0.8641643711132044, 0.0713134346757897
0.8644720787859443, 0.07096693980968677
0.8647850173145306, 0.07062043296094787
0.8651011769760182, 0.07027637218010528
0.8654130635583012, 0.06994287586902488
0.8657385677092869, 0.06960107457428234
0.8660674847451157, 0.06926217095145722
0.8663894292204327, 0.06893675160028914
0.8667136398159894, 0.06861533014400865
0.8670509661013264, 0.06828759317476144
0.8673844276022415, 0.06797030230709947
0.8677187550710844, 0.06765885339778403
0.868062050571521, 0.0673459818554851
0.8684112934977667, 0.06703488175369644
0.8687612434479677, 0.06673041115087507
0.8691164872764902, 0.06642874948423629
0.8694784883977317, 0.0661290156152307
0.8698397379164257, 0.06583759790969591
0.8702065456476467, 0.06554953896691164
0.8705769517317643, 0.06526665021477566
0.8709520305377418, 0.06498835579838091
0.8713341387615806, 0.06471326554873395
0.8717220547452801, 0.06444265772183247
0.8721146539349298, 0.06417763935427583
0.8725122948046348, 0.06391826615165637
0.8729079576766208, 0.06366918686579016
0.8733382668520021, 0.063408450523993
0.8737314448377493, 0.06317942358055147
0.8741521799434732, 0.06294404279827329
0.8745831550810631, 0.06271328107805932
0.8750127715459606, 0.06249361878066982
0.8754460150006019, 0.06228253573047518
0.8759053962771447, 0.06207010133859511
0.8763569639844626, 0.061872635449984725
0.8768275978114612, 0.06167874148764407
0.8773034808785356, 0.061494967553914766
0.8777755049559534, 0.06132480518342006
0.8782697316744247, 0.06115948741206055
0.8787699675244276, 0.0610054479911938
0.8792804969907977, 0.06086191824113297
0.8798001621198912, 0.06072989882467673
0.8803487405545334, 0.06060581423379109
0.880891736505875, 0.06049830919830508
0.8814459717690768, 0.06040414570166878
0.8820257743414651, 0.06032230254711714
0.8826095190807421, 0.06025693634860178
0.8832091760472355, 0.06020738661004321
0.8838373515486246, 0.06017438167269031
0.8844807176589717, 0.060160372983361236
0.9878368116552498, 0.05994674396677184
0.988024029126456, 0.05947543091275007
0.988206061388398, 0.05901291175231087
0.9883876997534322, 0.05854714031057632
0.9885747436064591, 0.05806299487025231
0.9887550789044394, 0.05759180562335298
0.9889366980226239, 0.057112812590588515
0.989116679818692, 0.056633656026050506
0.9892933880292409, 0.056158796995526665
0.9894679957970915, 0.05568520571880934
0.9896460465160851, 0.05519771361759645
0.9898163705807985, 0.05472698475445821
0.989993183610363, 0.0542336918298234
0.9901644063715281, 0.053751412139180256
0.9903319721405511, 0.05327498015091331
0.9905011588928075, 0.05278938051747724
0.9906729763371445, 0.05229144528162858
0.9908399586129801, 0.051802804427062865
0.9910074933718706, 0.051307771540009865
0.9911736693094093, 0.05081192450513648
0.9913344483166403, 0.05032750121699529
0.9914960251203798, 0.049835932128352974
0.9916568278700063, 0.04934188973531774
0.9918163923399566, 0.04884677848758712
0.991978938435605, 0.04833730320371192
0.9921349351237835, 0.0478433843543337
0.9922885482896692, 0.047352134863335546
0.9924447246863364, 0.04684760086736024
0.9925971369650626, 0.046350153737613226
0.9927494015936521, 0.0458480520034139
0.992898142615425, 0.04535247981310405
0.9930515085131183, 0.04483608623309897
0.9931985686709726, 0.04433561915193534
0.9933484996615081, 0.043819880838318025
0.9934920842312246, 0.043320615245161655
0.9936391657733871, 0.04280359278345719
0.9937822548661068, 0.042295004213048285
0.9939271436826134, 0.041774215302103894
0.994068747004283, 0.04125941437028493
0.9942082494381168, 0.040746442075597286
0.9943460470740008, 0.04023389285100359
0.9944835162478162, 0.03971658321208272
0.9946204383710532, 0.039195190016482834
0.9947553839531686, 0.0386751161343127
0.994887974305056, 0.03815790411015838
0.9950209469282316, 0.03763278942102447
0.9951524724481343, 0.037106838906997536
0.9952815500531021, 0.03658410328373509
0.9954119216389008, 0.03604926009450068
0.9955350105097819, 0.03553771164283847
0.9956638807028918, 0.03499500868953978
0.9957881950287921, 0.03446429827228422
0.9959090141433639, 0.0339414548284626
0.9960333210212025, 0.03339594738536433
0.9961507252263683, 0.03287337258510685
0.9962741811858615, 0.03231579836347158
0.9963895163676711, 0.031787089487210034
0.9965076329052656, 0.031237436360108777
0.9966207231071175, 0.03070302980494382
0.9967325636414267, 0.030166307562204425
0.99684450575294, 0.02962050036157062
0.9969552768818785, 0.02907149750264256
0.997063114146511, 0.02852807403558845
0.9971726861137162, 0.027966356751812606
0.9972757542890099, 0.02742870365059048
0.9973778993211645, 0.026886488192350514
0.9974814994208776, 0.026326458038826026
0.9975827162127067, 0.02576890559252944
0.997682060371391, 0.025211044140093907
0.9977787339954391, 0.024657431373151906
0.9978745562541018, 0.02409754911202054
0.9979690483072885, 0.02353384268452637
0.9980639412091746, 0.02295534374927153
0.9981530473339819, 0.022399996792952077
0.99823941295059, 0.021849701056095888
0.9983266135094329, 0.021281173642989194
0.9984139021310877, 0.02069806140303341
0.9984965622162139, 0.02013189458842434
0.9985785777573082, 0.019555574209654487
0.998658830593677, 0.01897637396498031
0.9987362706947681, 0.018401867743679513
0.99881236624842, 0.017821010488246507
0.9988862728764928, 0.01723987058853255
0.998958008314379, 0.01665817673728901
0.9990282166511124, 0.016070287276080442
0.9990968986588473, 0.015475437814250025
0.9991615595208161, 0.014895531449292461
0.9992254440756319, 0.014301382100071583
0.9992882113392706, 0.013694510954502694
0.9993463611791902, 0.013109137538002765
0.9994032649115183, 0.012511761631487713
0.9994572369465383, 0.011919477472886738
0.9995111112191593, 0.01129944187406382
0.9995604804987166, 0.0107018001838769
0.9996079216019633, 0.010096283675062557
0.999652193596748, 0.00949850929757891
0.999695789008006, 0.008872800717960871
0.9997360765173727, 0.008254733383308434
0.9997723688897545, 0.0076574782118758854
0.9998085699468666, 0.007013587488584135
0.9998405367109913, 0.006393645018170615
0.9998697626545516, 0.005771182622235508
0.9998964596763616, 0.005139499838868246
0.9999200496079275, 0.00451071985986525
0.999940709180098, 0.0038796698927973153
0.999958715671451, 0.003233285403351373
0.9999733588797433, 0.002594072111788767
0.9999850113955511, 0.0019432501872530305
0.9999933156850273, 0.0012960442576098136
0.9999983512528277, 6.428421247332618E-4
0.9999999999999951, 3.4946323094136834E-8
0.04994980861152514, 0.7942937878675699
0.03656515160347637, 0.8759630530595082
0.006639305004847164, 0.9915569249284683
0.1201423248725359, 0.4416743115343669
0.10464718398034054, 0.47795568564735635
1.0, 0.0
