0.0, 1.0
1.53357430235748705E-17, 0.9983976408146378875
3.0671486047149741E-17, 0.996795281629275775
4.6007229560126713E-17, 0.9951929224439136625
6.1342973073103685E-17, 0.99359056325855155
7.66787163413796065E-17, 0.9919882040731894375
9.2014459609655528E-17, 0.990385844887827325
1.07350202877931449E-16, 0.9887834857024652125
1.2268594614620737E-16, 0.9871811265171031
2.33708248608723E-16, 0.9863278160142266
1.1218866683088483E-15, 0.9840056788290339
1.908732842463047E-15, 0.9831326971050423
2.6858889597006566E-15, 0.9825465976976867
6.228912581584568E-15, 0.9810148936915224
8.903137897601533E-15, 0.9803244719355975
2.2438168741111854E-14, 0.978418990309352
3.120893063565059E-14, 0.9776950459519269
4.217353327456638E-14, 0.9770132335646936
5.807632783157938E-14, 0.9762658146911423
8.591632044479755E-14, 0.9753178646927942
1.214797525945924E-13, 0.9744479164892592
2.759288159287846E-13, 0.9722630990945602
3.846026094307545E-13, 0.9713265057882301
5.064708704684454E-13, 0.9705262131767646
6.524603855242658E-13, 0.9697700781970914
7.77843604752985E-13, 0.9692339541628692
1.3208194590309977E-12, 0.9675608297639089
1.6376750419633788E-12, 0.9668556469799328
2.2917074257700586E-12, 0.9657228186355523
3.2200759189616145E-12, 0.964536745277318
5.0767552190128865E-12, 0.9628845276324323
6.6054213016192645E-12, 0.9618943521808789
1.0263663854090997E-11, 0.9601768888564628
1.4571412651816302E-11, 0.9587560390397964
1.6661099244501786E-11, 0.9581993745540501
2.1043443512626382E-11, 0.9572113831821139
2.4132290146771686E-11, 0.9566210492949272
3.045845196338829E-11, 0.9555987934684242
3.498572583567789E-11, 0.9549788945621244
4.3836628728585975E-11, 0.9539514280199417
5.0930878921159344E-11, 0.9532550789767363
6.293026141004043E-11, 0.9522549753530118
7.110783467697868E-11, 0.9516676927700691
8.13821481992355E-11, 0.9510105120907297
9.60055412381396E-11, 0.950193608313427
1.1807092540108796E-10, 0.9491516204785313
1.5677811914395352E-10, 0.9476878570494567
1.770179086271162E-10, 0.9470481838985403
2.3123131062387087E-10, 0.9456128739258486
2.735091311268002E-10, 0.9446908397115292
3.156168475304974E-10, 0.9438921593707573
3.585922203494396E-10, 0.9431703701695293
4.2102013883075876E-10, 0.942249649742152
4.685803828544858E-10, 0.941627338551284
5.436226551871448E-10, 0.9407524087214201
6.227922593340971E-10, 0.939940070773374
7.074118789711083E-10, 0.9391686906658059
8.165486063605143E-10, 0.9382880386667698
9.111732450919938E-10, 0.9376063694748513
1.0439716855618058E-9, 0.9367499630220746
1.1708394105538414E-9, 0.9360188474427765
1.2935369239609386E-9, 0.9353766222001274
1.49894339357203E-9, 0.9344149323099518
1.6971566857888987E-9, 0.9335933306414119
1.9049205334594895E-9, 0.9328200110645102
2.120400369103835E-9, 0.9320942757390178
2.3959355581895704E-9, 0.931257256650087
2.644305493086547E-9, 0.930573870690691
2.9902828253960196E-9, 0.9297123161896028
3.341950097067655E-9, 0.9289239365107659
3.725801395970178E-9, 0.9281443304082797
4.1578703674753E-9, 0.9273488127977734
4.605515120780675E-9, 0.9265994129906959
5.1394266496834165E-9, 0.9257867951394273
5.75854738883036E-9, 0.9249344725807511
6.347675675062163E-9, 0.9241966917242539
7.018127835816434E-9, 0.9234284358979937
7.726158316359358E-9, 0.9226856031408366
8.60739727539159E-9, 0.9218420799265914
9.550645268634375E-9, 0.9210211196900266
1.0506291006356451E-8, 0.9202604948695281
1.1644305557810281E-8, 0.9194318496297834
1.2660021738008404E-8, 0.9187515164197186
1.4051287021904259E-8, 0.9178951072114127
1.549158988112601E-8, 0.9170852144814585
1.6916183269641656E-8, 0.916348069851704
1.857054293382322E-8, 0.915558904056231
2.0426846158149547E-8, 0.9147452169891251
2.2573381148318446E-8, 0.9138831836726753
2.414568018355545E-8, 0.9132972385913023
2.6872579821435896E-8, 0.912357662818563
2.932211593393706E-8, 0.9115838939619832
3.190808684516733E-8, 0.910827520084083
3.485689354071851E-8, 0.9100293334558769
3.808736591395614E-8, 0.909221567551677
4.155052130693002E-8, 0.9084211273688574
4.494076496808226E-8, 0.907693454600428
4.9309005058748366E-8, 0.9068251358505542
5.324835380478723E-8, 0.906099248425533
5.822161248897813E-8, 0.9052485930386578
6.311790198102755E-8, 0.9044724161811736
6.822661850966337E-8, 0.9037180165893819
7.32541928051773E-8, 0.9030234187200064
7.976414467703749E-8, 0.9021847956971344
8.6798086461792E-8, 0.9013448621870277
9.377414494653147E-8, 0.9005699361399234
1.0147968462594149E-7, 0.8997717320930796
1.0957499968226836E-7, 0.8989895099760794
1.1812982549001651E-7, 0.898217124978991
1.2725316651993445E-7, 0.8974466399451442
1.3812764682852765E-7, 0.8965902627435705
1.4823331380745512E-7, 0.8958467909894144
1.5952979315914141E-7, 0.8950674825888802
1.7169251501970332E-7, 0.8942816618679816
1.8481744997638551E-7, 0.893487552668224
1.9876672617977296E-7, 0.8926969233860533
2.1362665354611107E-7, 0.8919073620389476
2.294485755965065E-7, 0.8911187958085669
2.4612525863887783E-7, 0.8903384589849259
2.6415709775949856E-7, 0.8895460433082811
2.8334670747992143E-7, 0.8887540276228919
3.030799974047852E-7, 0.8879879067461387
3.240068189508432E-7, 0.8872225332043944
3.478717394844609E-7, 0.8864016569452617
3.726517915373172E-7, 0.885600722432978
3.9768449918080984E-7, 0.8848383607992886
4.254050540367805E-7, 0.8840424166859219
4.541711037912761E-7, 0.8832637960324123
4.849673140850144E-7, 0.8824773773680596
5.176315122979287E-7, 0.8816903365199151
5.536394228775002E-7, 0.8808722904214481
5.893380244229114E-7, 0.8801066409271057
6.283405327631299E-7, 0.8793158261501696
6.693201712952316E-7, 0.8785305285947178
7.12732208034202E-7, 0.8777438338233824
7.588214291012205E-7, 0.8769538213951145
8.087626640455496E-7, 0.8761444160863433
8.571497370338398E-7, 0.8754013831384205
9.126348234748913E-7, 0.874593759566674
9.708839966542833E-7, 0.8737913913124844
1.0297132918667005E-6, 0.8730231611523152
1.093705002659696E-6, 0.8722304073154845
1.16042695727113E-6, 0.8714463634236866
1.2301269357079242E-6, 0.8706687806409369
1.3062812445786586E-6, 0.8698624898381347
1.3834576795264245E-6, 0.8690866680528122
1.4660677170259073E-6, 0.8682974634043746
1.552389529483745E-6, 0.8675136624588895
1.645022965049177E-6, 0.8667142046490761
1.7372531720088863E-6, 0.8659567248945523
1.8423198427794282E-6, 0.8651358408049594
1.948325110069923E-6, 0.8643483944917589
2.058553777556406E-6, 0.8635686075300407
2.1767503685923018E-6, 0.8627722593707059
2.2984031129123296E-6, 0.8619913948222755
2.4244835287953574E-6, 0.86121955100846
2.5595707969018444E-6, 0.860430760875081
2.7007115451629163E-6, 0.8596447550724875
2.850162163574016E-6, 0.8588508380427341
3.005837578355331E-6, 0.8580617815730992
3.1683416322372726E-6, 0.8572754542449036
3.336413929837953E-6, 0.8564985244969042
3.5219532012495447E-6, 0.8556796955460038
3.7014689478020976E-6, 0.8549226352156153
3.896614000129263E-6, 0.854135269557694
4.1037733308578005E-6, 0.8533362980093986
4.314576240449982E-6, 0.8525586730161593
4.538003633679427E-6, 0.8517698989621518
4.77703533531637E-6, 0.8509627210374187
5.014704102043413E-6, 0.8501943561884646
5.2677482638037875E-6, 0.8494104272332913
5.534780030136436E-6, 0.848617979305202
5.815459107478905E-6, 0.8478201470004617
6.103702232075681E-6, 0.8470349648201277
6.393132551879612E-6, 0.846278358222968
6.720768241078702E-6, 0.8454569980999007
7.042649163657822E-6, 0.8446832691353655
7.383582312180315E-6, 0.8438965315070514
7.73750673519884E-6, 0.8431124814823903
8.11003336900982E-6, 0.8423201241645308
8.49426549019619E-6, 0.8415352486924731
8.897335520264017E-6, 0.8407442683515111
9.299476243767142E-6, 0.8399854326166659
9.744308471631758E-6, 0.8391784097584348
1.0194054565719328E-5, 0.8383942161506185
1.067276744803876E-5, 0.837591685054928
1.1152760996054859E-5, 0.8368176142112472
1.1661713374995265E-5, 0.8360276163428524
1.2186381530425361E-5, 0.8352437402810097
1.2724539838828384E-5, 0.8344693455547328
1.3300322997302695E-5, 0.8336714182551904
1.3898730422755545E-5, 0.8328730219389163
1.4502267105509148E-5, 0.8320971633441238
1.5147608363964834E-5, 0.8312976576355614
1.579448156240494E-5, 0.83052506793928
1.648732955546811E-5, 0.8297270994645308
1.7190333529441478E-5, 0.8289462803499056
1.7931921754151374E-5, 0.8281516973784133
1.866385648372907E-5, 0.8273945628248839
1.9471648636489606E-5, 0.8265878769902906
2.027889315373794E-5, 0.825809808845978
2.113268823734067E-5, 0.8250151294964823
2.2014422844563163E-5, 0.824222686878541
2.2921932338656866E-5, 0.8234348412329783
2.3858349241469543E-5, 0.8226492698201693
2.4817081948318374E-5, 0.8218717041616489
2.5818805626052393E-5, 0.8210860928856318
2.685195305920051E-5, 0.8203025105005581
2.792912011650903E-5, 0.819512335390712
2.9033910442482396E-5, 0.8187283067861154
3.018290920420223E-5, 0.8179392830170318
3.136386573383976E-5, 0.8171543883077369
3.260154604135035E-5, 0.8163581857311335
3.38477011752959E-5, 0.8155819418167988
3.514571596069704E-5, 0.814798650671102
3.649929260653702E-5, 0.8140075194887514
3.7888404692192315E-5, 0.8132207337739353
3.931604763024979E-5, 0.8124371550811416
4.080913414835381E-5, 0.8116428758122852
4.2294098586191035E-5, 0.8108768012471037
4.389066034108245E-5, 0.810077969540101
4.551590399295516E-5, 0.8092902149210932
4.715711135149854E-5, 0.808516831519465
4.8895905754422926E-5, 0.8077224661392911
5.0684672794228096E-5, 0.8069295847709528
5.248789641772553E-5, 0.8061536487889177
5.4352385900192854E-5, 0.8053744393537595
5.6309545809969784E-5, 0.8045801594279149
5.830576040960202E-5, 0.8037934168224562
6.036033672038538E-5, 0.80300678474
6.246570961486713E-5, 0.8022235116642399
6.464172062096755E-5, 0.8014367155178901
6.688359938439397E-5, 0.800648808057271
6.9173899412983E-5, 0.799866221202162
7.15213002854495E-5, 0.7990861296002015
7.395470338678381E-5, 0.7982995559974008
7.64349647581725E-5, 0.7975195992986427
7.902639511342907E-5, 0.7967267490199031
8.165511382186074E-5, 0.7959441632326063
8.432951344484563E-5, 0.7951690461086041
8.712816574782562E-5, 0.7943793502336082
9.005561616474735E-5, 0.7935753862572206
9.293666438663283E-5, 0.7928049193513633
9.596918533935385E-5, 0.7920148963322347
9.900832284446333E-5, 0.7912434828965692
1.0219015566980022E-4, 0.7904564203358199
1.0541954236222527E-4, 0.789677899955846
1.0880546748568444E-4, 0.7888823673886043
1.1219729314304542E-4, 0.7881055287864319
1.157356410839363E-4, 0.7873153528005526
1.1934049428215835E-4, 0.7865303837135567
1.230124650114522E-4, 0.785750466733286
1.2684262032713924E-4, 0.7849569406993462
1.306991806420895E-4, 0.7841774434057824
1.346274873020019E-4, 0.7834024736156787
1.3870026097973255E-4, 0.7826181962764713
1.4286626553245525E-4, 0.7818351014056704
1.4715519522284947E-4, 0.7810480430423371
1.51492477691475E-4, 0.7802708190293015
1.5600747147176836E-4, 0.7794806821375758
1.6056004907640128E-4, 0.7787025022806757
1.6522331921279182E-4, 0.7779236956443822
1.7001152988228992E-4, 0.7771422968550991
1.749204819658509E-4, 0.7763594311298962
1.7992819488632663E-4, 0.7755788706286427
1.850918438337777E-4, 0.774792129738326
1.903325220347522E-4, 0.7740115202203269
1.956900783591735E-4, 0.7732311743509835
2.0120336668997765E-4, 0.7724458696807459
2.0685174008720767E-4, 0.7716590408427648
2.1260898085146774E-4, 0.7708745860155798
2.184093261040576E-4, 0.7701012867297437
2.2440545792261316E-4, 0.7693189787746738
2.3051852799138654E-4, 0.7685384390255723
2.3677353850500097E-4, 0.7677613167347765
2.4310222402984836E-4, 0.7669823762394398
2.4961886982024795E-4, 0.7662016641712008
2.5633125626063933E-4, 0.7654142978394989
2.6317114765120916E-4, 0.7646286788192259
2.701033415758579E-4, 0.7638488526390721
2.771526039251312E-4, 0.7630719937336184
2.843158441441592E-4, 0.7622984744785555
2.917557851450745E-4, 0.7615112644288677
2.9932276355778376E-4, 0.7607267569414689
3.069420493236122E-4, 0.7599525260314139
3.147485628817478E-4, 0.7591748706435246
3.2274890014076274E-4, 0.7583935547321923
3.3075795168430476E-4, 0.7576265468354428
3.391650156636657E-4, 0.7568370129485433
3.4773789505175036E-4, 0.7560476211154826
3.5628850057126273E-4, 0.7552753863869186
3.649564768782433E-4, 0.754507278764615
3.7404448790444793E-4, 0.7537171816909771
3.83085089630805E-4, 0.7529460090453663
3.924612622354011E-4, 0.7521611340975431
4.0176100362688654E-4, 0.7513970279035136
4.1153670389904956E-4, 0.7506085870500677
4.2137315286143283E-4, 0.749829882953973
4.314500296986311E-4, 0.7490467246479222
4.416288249672785E-4, 0.7482699971463685
4.518558765255346E-4, 0.7475035111268912
4.623664005067106E-4, 0.7467297241925982
4.732031391361483E-4, 0.7459461142406775
4.8410011797206013E-4, 0.745172083486732
4.952276812662612E-4, 0.7443955068990546
5.066032994634044E-4, 0.7436154824951025
5.180503347185941E-4, 0.7428441405337333
5.299567602201679E-4, 0.7420557149658547
5.41640073021176E-4, 0.7412952675925927
5.537801991248181E-4, 0.740518394992611
5.661233226167494E-4, 0.7397418929634544
5.78626517229485E-4, 0.7389685177192243
5.914057221139575E-4, 0.7381912600874996
6.043028876813848E-4, 0.7374198240572974
6.174766204442765E-4, 0.7366448051251144
6.310393351382095E-4, 0.7358600593330169
6.443956480534914E-4, 0.7350998050662874
6.58201359950442E-4, 0.7343265637777081
6.722964569560625E-4, 0.7335498258724834
6.865356655104189E-4, 0.7327776982898614
7.010600794923944E-4, 0.7320026176816182
7.158484851963415E-4, 0.731225948791388
7.30624115740203E-4, 0.7304620838295551
7.458614368144965E-4, 0.7296865866613154
7.612054302240494E-4, 0.7289177592252164
7.769219943834884E-4, 0.7281423930944793
7.927447392964506E-4, 0.7273737411290043
8.088883113816557E-4, 0.7266014197025976
8.252224784680832E-4, 0.7258317928502312
8.418700317878219E-4, 0.7250591917694237
8.586752904500345E-4, 0.7242909190334914
8.758438664610936E-4, 0.7235176961973824
8.932030954556661E-4, 0.7227474490685437
9.107563776186791E-4, 0.7219800021198572
9.286734884086258E-4, 0.7212080720686465
9.469059320077515E-4, 0.7204339954628074
9.652467011457836E-4, 0.7196665623066469
9.83580833005468E-4, 0.7189102944371788
0.0010029121565489681, 0.7181242831792695
0.001021828883606322, 0.7173660669994293
0.001041104433858019, 0.7166042241864061
0.0010608911777890704, 0.7158330950198208
0.0010809339771452723, 0.7150628893175777
0.0011011405758687828, 0.7142971293159842
0.001121625706387946, 0.7135314604830119
0.0011423259520009798, 0.7127682855567845
0.0011636052316358547, 0.7119944415407693
0.0011847315245207502, 0.7112368907934806
0.0012064606242374624, 0.7104674085548831
0.0012283808831780934, 0.7097018964582957
0.0012507020666369416, 0.7089327448655763
0.0012733539017287278, 0.7081625489730387
0.0012958821190744215, 0.7074065707833272
0.001318854986864236, 0.7066456348318392
0.0013423748100890006, 0.7058766807959493
0.001366580231127901, 0.7050956470209568
0.0013898283520174094, 0.7043550676440155
0.0014142828213884598, 0.7035858632523918
0.0014388219177818766, 0.7028237944712816
0.0014636551737455766, 0.7020622777584128
0.0014889893571416763, 0.7012951376625314
0.0015143961246871392, 0.700535379339697
0.0015398935552755131, 0.6997822664814051
0.0015663101909564813, 0.6990115950718816
0.0015925370623586475, 0.6982558307148918
0.001619897386148902, 0.6974770606060594
0.0016463413743816005, 0.6967334641206961
0.001673774279654148, 0.6959712322207956
0.0017015031140714075, 0.6952101033830547
0.0017290919468771905, 0.6944615310703143
0.001757681555929272, 0.6936950458847303
0.0017862880658797372, 0.692937141075614
0.0018152851019583723, 0.6921778479292311
0.0018445624688967909, 0.6914201054498319
0.0018731576657710655, 0.6906884006332572
0.0019040892008810662, 0.6899059783916218
0.0019343878628611917, 0.6891484434125825
0.0019650355567270078, 0.6883908695139295
0.001996027120544116, 0.6876334343545284
0.0020272310783561653, 0.6868793429591974
0.002058843578323463, 0.6861238719345646
0.0020913716168717076, 0.6853552004221102
0.002123161390198943, 0.6846122491872471
0.0021557477497515494, 0.683858941015357
0.002188758015386092, 0.6831041312001149
0.0022221448788092013, 0.6823489776693622
0.002255830409349474, 0.6815952704276216
0.002289616031100059, 0.680847379506612
0.0023242484101680156, 0.680088897027496
0.002358894846240459, 0.679338148369094
0.00239387872217561, 0.678588035417709
0.0024295168480447395, 0.6778318920816163
0.0024655134833596504, 0.6770761234306277
0.0025011380089512768, 0.6763358612303834
0.0025377122703761105, 0.6755836226940127
0.002574775095186573, 0.6748291503055173
0.002611896984777033, 0.6740811600427696
0.002649765648384947, 0.6733258455775749
0.002687573280459958, 0.6725793333494339
0.0027260302074200026, 0.6718275804631569
0.0027644401462496985, 0.6710841862484489
0.0028038308579578456, 0.6703293404839068
0.0028427425283177182, 0.6695909769774171
0.0028827776099957605, 0.6688386846340179
0.0029229343239567523, 0.6680914501767696
0.002963027099808257, 0.6673525636856492
0.0030045545799996984, 0.6665945939113694
0.0030454489973739756, 0.6658553187059514
0.003087185314376759, 0.6651079527176927
0.0031295233338494146, 0.6643569935942547
0.0031716202780316437, 0.6636173103751956
0.0032144025223273752, 0.6628725670970225
0.0032582867495856496, 0.6621157791341563
0.003301232421818876, 0.6613820105074357
0.0033450479473854694, 0.6606401829233897
0.0033892633272169857, 0.6598983897337595
0.0034338287390121174, 0.659157480182217
0.003478628859605084, 0.658419347221217
0.0035239577018441296, 0.6576791616864724
0.003570222764410554, 0.65693043655476
0.003616370057467219, 0.6561902530322731
0.003663179708428352, 0.6554460615196329
0.0037104071643648305, 0.6547018268703938
0.0037572885100649067, 0.6539694545838782
0.003805229018836961, 0.653226990297622
0.0038530248233210073, 0.6524931194812256
0.0039017112688414244, 0.6517519494217925
0.003950124081219317, 0.6510211848330981
0.0040000697735731085, 0.6502736589857313
0.0040500192437473706, 0.6495324107199316
0.004100257884527297, 0.6487931198615419
0.0041528401101828, 0.6480259051926007
0.004201412034671975, 0.6473230390546305
0.004252652223819938, 0.6465875044746572
0.0043039350401621705, 0.6458573383502458
0.004356861500465138, 0.6451099086859796
0.004408744873794461, 0.6443831328449134
0.00446131473754898, 0.6436525948343929
0.004514687184757183, 0.6429168049037227
0.004568842040303917, 0.6421761776097255
0.0046223722055724024, 0.6414498587950216
0.004676804889379872, 0.6407170488211654
0.004731944453535304, 0.6399805155041807
0.004787276528114307, 0.6392471499604845
0.004842466376880679, 0.638521278287312
0.004898187774303387, 0.6377939818677737
0.0049553399152551065, 0.6370537020749121
0.005011310353029731, 0.6363342007607553
0.005069103695321705, 0.6355968325373372
0.005126570261062044, 0.6348691281947015
0.005186022030479895, 0.634121933771702
0.005243196445737583, 0.633408672114801
0.005302035646504177, 0.6326799671170414
0.005361048887655833, 0.6319544276895229
0.005421279884083378, 0.6312193012432769
0.005480807883327565, 0.6304979941692672
0.005541702986561411, 0.6297654045206836
0.005601914554143572, 0.6290461884317209
0.005663785023052596, 0.6283123874507156
0.0057247291059477935, 0.6275946560802224
0.005786860706535947, 0.6268680311665017
0.005849683692845685, 0.6261384466267886
0.005911917818292383, 0.6254206851502572
0.00597560706003603, 0.6246911791408658
0.0060384498186449274, 0.6239762686720743
0.006104082071100166, 0.6232347207691921
0.00616740852622653, 0.6225240673583455
0.006232250014111656, 0.6218012466615309
0.00629703973258998, 0.6210837976446374
0.006362543271208809, 0.6203632252117439
0.006429275057313954, 0.6196339923625299
0.006495945333390239, 0.6189102295551614
0.006562617828526564, 0.6181911492934216
0.006629750371148696, 0.6174717750086172
0.006697111985387165, 0.6167545673733855
0.006764104026633885, 0.6160458021929929
0.006833254471930061, 0.6153188302719383
0.006902739796256873, 0.6145929878603935
0.006971764048237244, 0.6138764926039105
0.007041150119513848, 0.6131607104838428
0.007110782364303563, 0.6124468125345487
0.00718094238888372, 0.6117319055085361
0.007252180715568742, 0.6110104511201759
0.007323006063991382, 0.6102975353526131
0.0073958865026887664, 0.6095683868686145
0.007466874189242505, 0.6088624407524436
0.007538951115110807, 0.6081498938136255
0.007610396815716703, 0.6074477217228355
0.007684298454523335, 0.6067256681216325
0.007758877296867736, 0.6060013084176306
0.00783211190564399, 0.605294144981333
0.007906503946615906, 0.6045799326424443
0.007982410185690559, 0.6038553964595087
0.008056028260573646, 0.6031566966863297
0.008132920746302898, 0.6024310483299207
0.008207462997783042, 0.6017315380237481
0.008294187564332641, 0.6009229493122298
0.008359203832828264, 0.6003193596488902
0.008437104871754472, 0.5996003670110079
0.008515414535533245, 0.5988816099651305
0.00859194730366825, 0.5981829784234541
0.008670168369153804, 0.5974727684609007
0.00874905179588916, 0.5967604038081104
0.008827512571050406, 0.5960556364711711
0.008906920637573564, 0.5953461355072688
0.008988402230457427, 0.5946219903242433
0.009067931776622079, 0.5939189229797871
0.0091466865393773, 0.5932262762199406
0.009227294158474385, 0.5925209542284297
0.009309042779043432, 0.5918093285930621
0.009391207973471425, 0.5910977502425134
0.009471695848480193, 0.5904042112063267
0.009554545098042513, 0.5896938978589745
0.009637125774766612, 0.5889894363343623
0.009720629368681264, 0.5882806468815808
0.00980416640236157, 0.5875750834298257
0.009888041333450122, 0.5868701415300409
0.00997158559846667, 0.5861713858282507
0.010055270880085338, 0.5854748059560044
0.010140316881169202, 0.5847702861827618
0.01022531712087171, 0.5840695030683837
0.010311253766352904, 0.5833643585830545
0.010397780580607408, 0.5826577301566526
0.010482792367534147, 0.5819667054209047
0.010570351021540114, 0.58125827420566
0.010657257122027973, 0.5805583789461983
0.010744177472977493, 0.579861563620831
0.010831807628347668, 0.5791622426085141
0.010919881069288406, 0.5784625565951254
0.011008356034041553, 0.5777628341849331
0.011096702568289676, 0.5770672332777391
0.011186111342788112, 0.5763663805401681
0.01127447426366195, 0.5756767552874174
0.011365354407454713, 0.5749705784148177
0.011455088473098668, 0.5742763391331437
0.011546004583356901, 0.5735759811872672
0.01163670232988949, 0.572880295252655
0.011727446931275842, 0.5721871939681406
0.011820422120435357, 0.571480064402526
0.011910691540891366, 0.5707963843550945
0.012003733780666999, 0.5700946196449818
0.012095689677286841, 0.569403914486473
0.012188451227069063, 0.5687100020801219
0.012282155359761179, 0.5680118964778117
0.012375444553680889, 0.5673196938656985
0.012469084973025612, 0.5666276654009706
0.012563482203952628, 0.5659328223543391
0.01265857165869593, 0.5652356635177631
0.012752769619027033, 0.564547751698744
0.012847867149675268, 0.5638559680979361
0.0129431492717439, 0.5631655212074077
0.013039829654575051, 0.5624676442365486
0.01313491167706245, 0.5617839218595875
0.013233814997410442, 0.5610754353492812
0.013327984786201123, 0.5604033931189008
0.013425502811110683, 0.5597100266924661
0.01352293927631709, 0.5590198157489673
0.013620423529523149, 0.5583318065066587
0.013718492032701821, 0.5576422017101069
0.013816308371592501, 0.5569568606001316
0.013916531201344, 0.5562572024452013
0.014014085818934638, 0.5555786097196985
0.01411426943881354, 0.5548841985732381
0.014213521179092496, 0.5541986797812489
0.01431267301594784, 0.5535162358720019
0.014412931994793666, 0.5528285624805933
0.014513659421435942, 0.552140063387399
0.014616667866920396, 0.551438414250967
0.014715828543523535, 0.5507652745936983
0.014818412342161616, 0.5500712397246954
0.014919177441648425, 0.5493917971401786
0.01502089046787191, 0.5487082313021941
0.015123019280461293, 0.548024133553013
0.01522565572588454, 0.5473388888403856
0.015329008754208222, 0.5466511120445411
0.015431283009802557, 0.5459727091815859
0.015534924617741027, 0.5452874344162388
0.015638486192711826, 0.5446048696547063
0.01574285890834944, 0.5439191351901075
0.015847125503180667, 0.5432362508626546
0.015951811942881103, 0.5425527531215231
0.01605678846357701, 0.5418694828206178
0.016161610248326512, 0.5411893115916532
0.016267169993362012, 0.5405064368808051
0.016372669069593268, 0.5398260180469937
0.01647818056302661, 0.5391475556404882
0.01658368830699485, 0.5384711276921588
0.0166913542947007, 0.5377829086005532
0.016798071227613797, 0.5371027690343266
0.01690568428652461, 0.5364189214677962
0.01701167421917872, 0.535747329710629
0.017120280116810625, 0.5350611352808943
0.0172272091915527, 0.5343874618079069
0.017337730934518614, 0.5336931370269412
0.01744450622623003, 0.5330242388906712
0.017553415511615437, 0.5323438620790217
0.017661498516697363, 0.5316705105306297
0.017770590128525564, 0.5309927342044869
0.017880801819506787, 0.5303098715602608
0.017990833726385578, 0.5296299770247151
0.018102316756789565, 0.5289429817079625
0.01821016156748466, 0.5282801713769226
0.01832124024430011, 0.5275992780750743
0.01843134126185787, 0.5269261505268621
0.018544006252215244, 0.5262391522104558
0.01865501268884791, 0.5255640306916546
0.018763928378510465, 0.5249033052608688
0.01887589371614116, 0.524225793638325
0.018988498624784, 0.5235461435513582
0.01910074443058543, 0.5228703682046671
0.019212739948539875, 0.5221977781132245
0.019325322834019776, 0.5215233300025769
0.019438871878959527, 0.5208447690698756
0.019551399771516972, 0.5201739502927576
0.019665675210675988, 0.5194943644512149
0.01977817872653198, 0.5188269217529711
0.019891346201244026, 0.5181571282954944
0.02000643364005999, 0.5174775857927262
0.020120255848199712, 0.5168070964179099
0.020234117969081762, 0.516137928015352
0.020349927303855188, 0.5154588936522243
0.020466752414735404, 0.514775496692725
0.020579397908369438, 0.5141180471805655
0.02069581471937099, 0.5134401138018235
0.02081130885337104, 0.5127690697860128
0.020926272793100543, 0.5121025889505559
0.021042458954841834, 0.5114305081800007
0.021158989011943307, 0.5107579211772136
0.021275959832124762, 0.5100842667419285
0.021392757427495402, 0.5094130691916945
0.021509207335955523, 0.5087453048713598
0.021626163037447382, 0.5080760662741904
0.021743621827003633, 0.5074053712027915
0.021860294195970135, 0.5067405618535513
0.02197830695099936, 0.5060695136381866
0.02209725611639454, 0.5053945484424877
0.02221488926145027, 0.5047284252183196
0.022333719180024126, 0.5040568972262637
0.022452441338966008, 0.5033873402668582
0.022571230767324698, 0.5027187515049004
0.02268932727053627, 0.5020553842919647
0.022808726048770794, 0.5013860269035466
0.02292830276795099, 0.50071699260147
0.02304769013678157, 0.5000503218132083
0.02316833952337118, 0.49937791326397196
0.023287905007666712, 0.4987128301606563
0.02340722936589645, 0.49805034957116723
0.023527900459437256, 0.4973816596842006
0.023648449789590575, 0.49671490381962435
0.023769370653855093, 0.4960473439948117
0.02389039677971316, 0.49538044431309486
0.024014800017570757, 0.4946962158061845
0.02413261378412779, 0.49404941408263586
0.024254410190673, 0.49338194578319694
0.024376073798495455, 0.49271640877566136
0.024499492549191315, 0.49204248678937046
0.024619945737631644, 0.49138592690636035
0.024742257296423494, 0.49072040676587303
0.024865163793562062, 0.49005282404549283
0.024988632964870475, 0.48938335839831304
0.02511094440840655, 0.48872131772502286
0.025233672003181138, 0.4880581608352941
0.02535597651200159, 0.4873984110074421
0.025479346139865827, 0.4867340377899656
0.02560254808593416, 0.48607168103746834
0.025726847445564284, 0.48540454068235284
0.02585038640400261, 0.484742581385953
0.025973876546384698, 0.4840819685824382
0.02609854059063225, 0.48341616526722125
0.026222838568117482, 0.4827533958967185
0.026346062217543147, 0.4820974078693377
0.026470893342286896, 0.48143392085094217
0.02659891985539127, 0.48075454585422195
0.026722269339233204, 0.48010102887236183
0.02684723758380511, 0.47943996554407325
0.026971337140399083, 0.47878451356655377
0.02709805622358413, 0.4781162609608261
0.02722385167187699, 0.47745390347398975
0.02734909892217859, 0.47679543672597413
0.02747389421856265, 0.47614033327986244
0.027600986884648356, 0.4754741732691873
0.027727216714462453, 0.4748135285955974
0.02785411892321169, 0.47415035284853857
0.027980888031925926, 0.47348885244270783
0.02810720055477689, 0.4728306995060713
0.02823478102625732, 0.4721669086430596
0.028362200839444716, 0.47150491644797254
0.02848867115901086, 0.47084879996056195
0.028616195225241177, 0.4701881590838309
0.028743345515632547, 0.4695303881458123
0.028870278677670922, 0.4688746619237643
0.02900136505800732, 0.4681984381657344
0.02912758811708495, 0.46754821376371664
0.029254526658373064, 0.4668951973576794
0.029384649407070258, 0.4662267223443854
0.029512504786922068, 0.46557079665538526
0.02964026342755685, 0.46491625173393797
0.02977029065246136, 0.46425098413618493
0.029897772141543575, 0.46359961521214954
0.0300252143155318, 0.4629493044964799
0.030154707300071096, 0.4622893994105194
0.03028491337946011, 0.46162673753838435
0.030415010332766914, 0.46096550200761793
0.030542844356658737, 0.46031660902965155
0.030673444441668623, 0.4596545289229786
0.03080254013749579, 0.45900091614623756
0.0309334210046894, 0.458339111281935
0.031064474785530028, 0.4576772787647401
0.03119479424295809, 0.45701998787365383
0.03132780656571793, 0.4563499647490979
0.031455278367852245, 0.45570864995103744
0.031587004148779706, 0.45504674824725944
0.03171681172697544, 0.45439528915171706
0.03184905893234959, 0.4537324005218565
0.03197881090789534, 0.4530828115028322
0.03210870944137617, 0.4524332686729682
0.032242183689144284, 0.45176665241460084
0.03237381364553428, 0.45111004153347956
0.032502280450299494, 0.45046996422962876
0.032636550853110236, 0.4498017616546514
0.03276809757743193, 0.4491478914625411
0.03290002573587347, 0.44849289264968856
0.03303234675454109, 0.44783670946819637
0.03316524527780919, 0.4471784289279051
0.033297353877321245, 0.446524816767472
0.033429920743626974, 0.44586968905814756
0.03356171012957557, 0.4452191445552383
0.03369405211863047, 0.4445666103539219
0.0338272310554804, 0.443910690729
0.033961673440735314, 0.4432492973277931
0.03409287211002312, 0.4426045816622006
0.034227245370799485, 0.4419449981103612
0.03436079510061643, 0.4412901859695079
0.03449527214224172, 0.44063155631930045
0.03462883575322959, 0.4399781196837254
0.034760448799200594, 0.43933492227336307
0.034895515714177636, 0.4386755595542481
0.035028968641611945, 0.43802478135553674
0.035163649998123526, 0.43736871890186013
0.03529765795377604, 0.43671663611067196
0.0354309129625535, 0.4360689043528384
0.0355659299746587, 0.4354133021464042
0.03570029858031918, 0.43476153781095117
0.035835665419097086, 0.4341056223797412
0.035970475333732654, 0.4334530903576271
0.03610463362616727, 0.43280438660535075
0.03623964766039944, 0.432152219785013
0.03637267053193653, 0.43151032889377405
0.03651329555956772, 0.4308324601165377
0.0366453644115414, 0.43019649179658337
0.03678239800810678, 0.4295372841309828
0.03691745009068485, 0.4288882702869754
0.03705406870541981, 0.4282323925196084
0.037189067939396414, 0.42758494152278553
0.037325369773601264, 0.4269318974233639
0.03746114909236114, 0.42628200651367176
0.037599051435857324, 0.4256226139460128
0.03773243260256848, 0.42498546894288525
0.03786999597629636, 0.4243289905028077
0.03800596255711464, 0.4236807717152623
0.03814170711138648, 0.42303424212209684
0.0382783832028262, 0.4223839089841581
0.03841696317196642, 0.4217251620165451
0.0385536708256045, 0.42107594837036205
0.03869205416209757, 0.4204194140884246
0.038827703622868505, 0.419776469014409
0.0389649503247198, 0.4191265736946332
0.03910286790051346, 0.4184741269425988
0.03923969350023334, 0.4178274622465793
0.03937732954420905, 0.4171775834358427
0.039515403329297885, 0.4165262556273791
0.03965343201935504, 0.41587575604497157
0.039789523402602715, 0.41523498623599453
0.039928037646431984, 0.41458341714740965
0.04006755277879754, 0.4139277574983372
0.040202251031776215, 0.4132953203541761
0.04034379074492075, 0.4126313778892944
0.040482774344171746, 0.41198003794440374
0.04062007900993457, 0.4113371592486822
0.04075845509567705, 0.41068985768464233
0.040897880932154525, 0.4100382456090327
0.04103549355714332, 0.4093956958433053
0.04117600750224744, 0.40874019930928
0.04131542548481862, 0.4080904123788383
0.041454629434699554, 0.40744221378030554
0.04159372276871868, 0.4067951174815353
0.04173272539607136, 0.40614902710717576
0.04187667670118963, 0.4054873833435635
0.042011461793430044, 0.4048551978288091
0.042151690056521196, 0.4042051692311749
0.0422922042672202, 0.403554401819425
0.04243162159650098, 0.40290929267343417
0.04257152439289866, 0.40226251400693686
0.04271185981772888, 0.4016143136460803
0.04285118771239574, 0.40097133799136064
0.042990933599977105, 0.4003270028299365
0.04313191074402806, 0.3996775664872493
0.043275552169846396, 0.39901644946942844
0.04341397773080729, 0.3983799029690995
0.04355547100546643, 0.39772982008674435
0.04369734242266386, 0.3970785769583916
0.04383750820521843, 0.39643572896238577
0.04397499224600892, 0.3958057248043676
0.044118493008600726, 0.3951487230899043
0.04425951939987638, 0.39450361877761875
0.04439998675647729, 0.3938616304967791
0.04454282482207011, 0.3932093773845364
0.04468377487975122, 0.3925663076133298
0.04482701477207877, 0.39191336099409807
0.04496804038353448, 0.39127106800267675
0.04510806452894799, 0.390633884384919
0.0452514641605165, 0.389981905151089
0.04539159733539624, 0.3893453277451431
0.04553538197512221, 0.38869272719559655
0.04567744358345454, 0.3880485068293787
0.045817559599237855, 0.3874136530161661
0.04596276610557272, 0.3867563029342019
0.04609808979311848, 0.3861442119107328
0.04624688799943887, 0.38547175064776307
0.04639129462172922, 0.3848197129489915
0.046535521208271285, 0.38416905390306255
0.046675685346342824, 0.3835372625831126
0.046818315133347034, 0.38289490309807456
0.046961756677145305, 0.38224944182244874
0.04710723359718337, 0.3815953880906063
0.047248846046777315, 0.38095925550092785
0.04739221475861843, 0.3803157820526827
0.047534648274213304, 0.37967705135165336
0.04768088025702514, 0.37902185120551124
0.04782386917281198, 0.3783817337753762
0.04796690891299569, 0.3777419339520378
0.04811085098767677, 0.3770986475483417
0.0482557080034555, 0.3764518277685905
0.04839939743300186, 0.3758107711728582
0.04854284524968184, 0.3751713377511227
0.04868755430973798, 0.37452683331604053
0.04883237601206052, 0.3738823805546783
0.048976593780712674, 0.37324116459846524
0.04912168994122342, 0.37259659561155223
0.049262944459638594, 0.3719696241435321
0.049410693063567115, 0.3713143884728667
0.04955727122600014, 0.3706649090168603
0.04970298199590558, 0.37001983054702975
0.04984776384616347, 0.3693794144882135
0.049991015713983046, 0.3687463049913807
0.05013792069398535, 0.36809760656662166
0.05027923877630571, 0.3674741094907115
0.05042566790789411, 0.36682861108173825
0.050573220938159, 0.36617872258003403
0.0507185832497627, 0.36553903634370966
0.05086536394579691, 0.3648936651111644
0.051012126632593864, 0.36424893207625647
0.05116013507143983, 0.36359929207102093
0.051301868288564346, 0.36297772731157
0.05144937483019446, 0.3623313962107408
0.05159799026964853, 0.36168079127136055
0.05174305435370692, 0.36104625313669814
0.05189066549673582, 0.3604011478798795
0.052037523575479305, 0.3597598921631665
0.05218471895246906, 0.3591177223022932
0.0523305794081388, 0.35848192776178384
0.052479359240039186, 0.35783397313930526
0.052624065909855716, 0.35720430505842304
0.0527718167870286, 0.3565619473857535
0.0529192603162413, 0.3559214865435171
0.05306643202165553, 0.3552827647865419
0.05321321971431735, 0.35464626509095204
0.0533606929502452, 0.3540073512980797
0.05350813599036656, 0.3533691278558399
0.053657432066504834, 0.3527234533491123
0.05380592956731866, 0.3520818013750703
0.05395342091696205, 0.3514450585189606
0.05410110359044722, 0.3508080503613787
0.0542525706574388, 0.35015530465906236
0.05439875132534361, 0.3495258942747246
0.05454764894637025, 0.3488853537640337
0.054695553622624335, 0.3482496494467022
0.05484355711329224, 0.34761408387943454
0.05499008412533674, 0.3469854140270552
0.05513776842380071, 0.3463523380123797
0.05528905819377383, 0.3457043886947904
0.055439066774854766, 0.3450625083967445
0.055587812411706725, 0.34442660445980333
0.05573855906731558, 0.34378272751693484
0.05588773357084997, 0.34314614218112455
0.05603683265022712, 0.3425104519699674
0.05618749508145561, 0.3418686787491447
0.05633498123149715, 0.34124100270335983
0.0564859477457456, 0.34059909631196533
0.056635146074956386, 0.33996528646139834
0.05678643188018777, 0.33932319606236994
0.05693711208295576, 0.3386842640717776
0.05708911073040753, 0.3380403364091606
0.0572376631332143, 0.3374115861561549
0.05739156921640777, 0.33676077908576324
0.05754173781222294, 0.33612636789614986
0.05769032959163669, 0.335499193735392
0.05784037052023732, 0.33486648425806437
0.05799267498216155, 0.3342248274438105
0.05814274600214057, 0.3335931695808204
0.058294118007601, 0.33295662899419626
0.05844661695441264, 0.332315952379473
0.05859938586730304, 0.3316747487995279
0.05874767327308992, 0.331052936821742
0.058900160767530865, 0.33041411080830757
0.059052618581473204, 0.3297760160460125
0.059204690062195954, 0.3291401432441592
0.05935603753353796, 0.3285078983328603
0.05951045531964562, 0.32786344539620516
0.05966287201044577, 0.32722795657759507
0.059817258306466656, 0.326584876835575
0.05996517334197645, 0.32596933942199385
0.06011529180871299, 0.3253452204984921
0.06027066124700199, 0.32469989493304086
0.06042348421077874, 0.32406576627992656
0.06057625333165109, 0.32343247642109385
0.060730265501053815, 0.32279465710725863
0.060883074153516875, 0.322162441402863
0.061038776948559, 0.3215188870227515
0.06119058507239666, 0.32089204827650797
0.06134511009352904, 0.3202546185369568
0.06149930887272755, 0.3196191663919194
0.06165142903481506, 0.3189928993962473
0.06180587254588419, 0.31835769721499196
0.06196099734514345, 0.3177203326904132
0.06211511669026056, 0.31708773491175024
0.06226857553914767, 0.31645847848300446
0.06242159272696886, 0.3158316601276207
0.06257665082534583, 0.31519712092730023
0.06273231739611344, 0.31456074011372237
0.0628874621778615, 0.313927139718968
0.06304341306214924, 0.31329089935403276
0.0631965488008888, 0.31266678116074464
0.06335122639899325, 0.31203702072069417
0.06350643750258629, 0.3114057372785492
0.06366420477762551, 0.3107647245940523
0.06382045798810396, 0.3101305277095544
0.06397487314214263, 0.3095044413427215
0.06413112744336905, 0.3088715568796815
0.06428659627496303, 0.30824251270609326
0.06444254055870681, 0.30761220578019466
0.06459945614249547, 0.306978642327332
0.06475506640115637, 0.30635101329813275
0.06491281444792964, 0.30571543778787325
0.06506862908159516, 0.3050883211862802
0.0652243185859881, 0.30446237338889515
0.06538302679261142, 0.30382497439900463
0.06553909199486416, 0.3031988660054332
0.065696063752073, 0.3025697977818592
0.0658538271668943, 0.3019382422467277
0.06601258729328408, 0.3013033913489666
0.06616987625993512, 0.3006751115776548
0.06632634723159926, 0.3000507800373152
0.06649233231506725, 0.29938923757640185
0.06664262712829817, 0.29879087617679756
0.06680085436894033, 0.29816162218566855
0.066957580779973, 0.2975390258042745
0.067117578839598, 0.29690414129480625
0.06727641715538873, 0.29627456787157147
0.06743781684437668, 0.2956355672928103
0.06759499051821134, 0.2950140014085547
0.06775366568238245, 0.29438720316638534
0.06790991053238456, 0.2937706987850571
0.06807357088943962, 0.29312567399206585
0.06823178669376165, 0.29250282791482207
0.06839302529632166, 0.29186881192797814
0.06854913393522281, 0.2912556709980096
0.06871074517849715, 0.29062164787627015
0.06887007260261806, 0.2899973128769754
0.0690291244900132, 0.2893747800907275
0.06919070075008996, 0.28874310738028786
0.0693502313131178, 0.28812016569691634
0.06951221728205517, 0.28748838310070884
0.0696717412723401, 0.2868669397717273
0.06983426346502321, 0.2862345700648713
0.06999672935607872, 0.2856031807661683
0.07015715533070543, 0.28498046752976525
0.07031713551133707, 0.28436022650408493
0.07048390897599496, 0.28371443813180786
0.07064074979149655, 0.28310784859930105
0.07080355949838645, 0.282478931320522
0.07096743989508651, 0.2818466585339422
0.0711280167499778, 0.2812278921008527
0.07129044659465131, 0.28060275290681663
0.07145243884124197, 0.2799800681606227
0.07161554626213504, 0.27935387533679856
0.07177784743920315, 0.2787315547199291
0.0719412554177672, 0.2781057746014753
0.07210359252957572, 0.27748487614049777
0.07226841990610179, 0.2768552506842177
0.07243190285401911, 0.27623155617802675
0.07259541974230266, 0.2756085260074476
0.07275930068541528, 0.2749849067687158
0.07292298723203691, 0.27436282624365993
0.07308634142229062, 0.27374280632270365
0.07325138971869126, 0.27311716701632327
0.07341534975490609, 0.2724964612310986
0.07358117993763853, 0.2718694966881246
0.07374444528086511, 0.2712530372080759
0.07390983620859058, 0.2706293709609418
0.07407479629030425, 0.27000815205437306
0.07424035510162166, 0.2693855060619211
0.0744078390201385, 0.26875646521506474
0.07457202497924195, 0.26814063763250634
0.07473971387566714, 0.26751251776795104
0.07490425020408323, 0.2668970395756804
0.07507119162356618, 0.2662734095907646
0.075237319865665, 0.26565366366407894
0.0753988578912917, 0.26505185282967225
0.07557193109636433, 0.26440795671661776
0.07573741111577621, 0.26379317187758344
0.07590500804793668, 0.26317138259500755
0.07607180048557227, 0.2625534392250774
0.07624077080005129, 0.2619283047968483
0.07640723220038559, 0.26131331790616485
0.07657493518642974, 0.26069461422489176
0.07674436940241526, 0.26007041220930005
0.07690980255593827, 0.2594618137322592
0.07708200396942488, 0.2588292239873939
0.07724763651978378, 0.25822164072527404
0.07741695719785169, 0.2576014174654694
0.07758767976661922, 0.2569769707378444
0.0777525176589368, 0.2563749185082112
0.07792044794496628, 0.2557624525274104
0.07809203131131333, 0.2551375832514416
0.07826534079902922, 0.2545073735877239
0.07843350042090254, 0.2538968008150287
0.07860479169237634, 0.25327578074109475
0.0787766435069985, 0.25265366680809426
0.07894515523671136, 0.2520445585449452
0.07911620603453694, 0.25142720020094367
0.07928802394273793, 0.2508080158978511
0.07945628547536855, 0.25020256519874146
0.0796308982784068, 0.2495752225422475
0.07980127417342518, 0.2489640479075912
0.0799742225164875, 0.24834460272593822
0.08014603275536314, 0.24773019061086818
0.08032231336929538, 0.24710078494346763
0.08048711780100837, 0.24651326607208077
0.08065906424447883, 0.24590122680874502
0.08083167391159309, 0.24528779463181272
0.08101056197308983, 0.24465307493755875
0.08118200930389137, 0.2440457371220928
0.08135454978683086, 0.24343549799041855
0.08152732323137196, 0.24282541306106148
0.08170382613997887, 0.24220317394559726
0.0818778296197287, 0.24159074489882695
0.08205402446575509, 0.2409716227343393
0.08223012369196728, 0.2403538610727721
0.08240157437859313, 0.2397533926343417
0.08257376866433444, 0.23915130078130603
0.08275140108657777, 0.2385312259052976
0.08292761289164509, 0.2379171474160324
0.08310492714864333, 0.2373002717686391
0.08327408866392354, 0.23671273811001314
0.08345833646680449, 0.23607389578749674
0.08363073520977383, 0.23547716808881697
0.08381311903435755, 0.23484696515788442
0.08398598130372685, 0.23425069548836883
0.08415950612190316, 0.23365315322138114
0.0843386334976576, 0.23303738447086628
0.0845190458333046, 0.23241829536850073
0.0846956640892963, 0.23181329394199157
0.08487386319705141, 0.23120395039120709
0.08505177709466458, 0.23059665917694067
0.08523372069251445, 0.2299767281402478
0.08540940187792048, 0.22937920674396406
0.08559059204448877, 0.22876405357590865
0.08576906953999024, 0.2281592091530579
0.08594787768929349, 0.22755433995680324
0.08612801381163077, 0.2269460895259245
0.08630904827348655, 0.22633593117906647
0.08648979896956893, 0.22572785678311424
0.08667237635559635, 0.2251147829391776
0.08684997452932935, 0.22451953550527093
0.0870303128974418, 0.223916222787861
0.08721311637579932, 0.22330581575988606
0.08739437574428034, 0.22270171250176987
0.0875759301266783, 0.2220977736687809
0.08775990204703729, 0.221486966602927
0.08794054466567022, 0.22088836471083942
0.088123954164698, 0.2202817634292698
0.08830629200234093, 0.21967987642536607
0.08848667228016728, 0.21908560093574023
0.08867505097380697, 0.21846619688589225
0.0888592811837579, 0.21786164373216826
0.08904181881131862, 0.2172638272798293
0.08922456539905368, 0.216666507415774
0.08941258561267741, 0.21605318576819088
0.08959640222222949, 0.2154547895034922
0.08978265051110498, 0.21484970264096184
0.08996411707863022, 0.2142613391532605
0.09015206134821412, 0.21365321176459523
0.09033813041009038, 0.21305239541835228
0.09052307196269427, 0.21245644787720921
0.09071227652106809, 0.21184803248802958
0.0908994736638372, 0.21124733743403337
0.0910861696374598, 0.21064950607792093
0.0912742128943714, 0.21004862996319248
0.09146234639093667, 0.20944874248181203
0.09165224959453674, 0.20884450952275782
0.09183959543046447, 0.20824969291807113
0.09203349205709119, 0.20763541811032857
0.09221716187471787, 0.2070548017219473
0.09240665892966672, 0.20645705043346768
0.09259727529179436, 0.205857088356205
0.09278623815011715, 0.20526363933480196
0.09297762038007519, 0.2046639223322445
0.09316798140225033, 0.20406873541502255
0.09335947429387194, 0.20347134995381827
0.09354987941570757, 0.202878693265604
0.09374274751843871, 0.2022797289615212
0.09393457792409969, 0.2016853465862985
0.09412613454192238, 0.2010931669952444
0.09431928145331468, 0.2004974437568214
0.09451316862054278, 0.19990082558499322
0.0947067486645691, 0.19930654215565755
0.09489670037197047, 0.1987247494120204
0.09509440223781158, 0.1981206433139507
0.09528973395060736, 0.19752520832731232
0.09548195340880136, 0.1969406490380021
0.09567891183700727, 0.19634310873966665
0.09587573872257014, 0.19574741640562365
0.09607051065762064, 0.195159371196083
0.09626671073240764, 0.19456845232145129
0.09646435196266763, 0.1939746573603471
0.09665786442758889, 0.1933946841111733
0.09685625355291276, 0.1928015620219259
0.0970547392330194, 0.19220963659950185
0.09725188461650236, 0.1916231809253528
0.09745181877091123, 0.19102993047842107
0.09765093606067389, 0.19044060873245247
0.09785096897910746, 0.18985009030602146
0.09804920023050814, 0.18926638995656186
0.09824684814781794, 0.18868589498281296
0.0984492572495265, 0.18809295804510198
0.09865219801280573, 0.18750003203258425
0.0988526653287295, 0.18691587652413644
0.09905318275079224, 0.1863331121496473
0.0992544991614105, 0.1857495741784428
0.0994545820326764, 0.18517115122389496
0.09966143889070765, 0.1845747609051238
0.09986332102000105, 0.18399429912283669
0.10006719497093483, 0.18340970226829126
0.10027045981748647, 0.18282844657527894
0.10047513062498586, 0.18224478124877297
0.10067811657833377, 0.1816675192549175
0.10088435361540908, 0.18108264408373845
0.1010915074362426, 0.18049682750193227
0.10129655236456919, 0.17991861367433007
0.10150205622532203, 0.1793407437980835
0.10170908454675368, 0.17876024752264846
0.10191733159579075, 0.17817801707515324
0.10212511652141508, 0.17759876329184363
0.10233384418396074, 0.17701857763297696
0.1025440201774487, 0.1764360860454295
0.10275349812579603, 0.17585724838213454
0.1029625295456975, 0.1752813575892041
0.10317195393714076, 0.17470610217577814
0.10338253415359318, 0.17412940776855607
0.10359253918237117, 0.1735560241747763
0.10380754934191505, 0.1729707726333016
0.10401634886932862, 0.17240416905752368
0.10423002617508094, 0.17182610903758072
0.10444229632392034, 0.17125364045761624
0.10465499787755043, 0.17068179473649225
0.10487145431266182, 0.17010169180294654
0.10509261207292683, 0.16951090610303854
0.10529912690082946, 0.1689609876637716
0.1055188145324676, 0.16837785027279348
0.10573173279042804, 0.16781451157969032
0.10594783071087982, 0.16724460421201956
0.10616492577148108, 0.16667393951090734
0.10638173022388117, 0.16610591368975386
0.10660103484136957, 0.16553324566051214
0.10681893847122204, 0.16496613868290083
0.10703212137683193, 0.16441315492988615
0.1072556302849193, 0.16383533938571784
0.10747826320739112, 0.16326177803143593
0.10778655346761454, 0.16247082304720356
0.10791897683712552, 0.1621322467871372
0.10814296175343535, 0.16156117251853616
0.10836232875607142, 0.16100382777335515
0.10858572473254682, 0.1604382375294535
0.10881071058669373, 0.15987065427346162
0.10903391978395628, 0.15930957033447887
0.10925638580903596, 0.15875235550902553
0.10948358948332233, 0.15818533802756107
0.10971341064121584, 0.15761391181031462
0.10993823082322154, 0.1570569883349011
0.11016405691089645, 0.15649963415487808
0.11039128892094667, 0.15594089676981687
0.11061607668836282, 0.1553902308305035
0.11084719962384598, 0.15482618493320743
0.11107706836824024, 0.154267353054267
0.11130839393020608, 0.15370714910963668
0.11153739361667198, 0.15315472318329132
0.11176959325424862, 0.15259675908287548
0.11200265191444116, 0.1520389409375149
0.11223446891352747, 0.15148629300948932
0.11246777648517099, 0.15093230684293132
0.11270038948808954, 0.15038218391504216
0.11293329130190802, 0.1498335944257127
0.11316732848379377, 0.14928456620979866
0.11340772949316527, 0.14872294392077012
0.11364386232175813, 0.14817359808921848
0.1138797913916665, 0.14762700930752995
0.11411366454521549, 0.14708743740027908
0.11435701225946648, 0.14652839015130031
0.11459753507681121, 0.14597822287023018
0.11483787113096117, 0.14543085779120965
0.11507921166648724, 0.1448835954349896
0.11531947297107432, 0.14434116116421553
0.11555810968541355, 0.14380474732975462
0.11580222817656047, 0.14325843897972565
0.11604869863252833, 0.14270935922458441
0.11629372883543329, 0.14216597139164686
0.1165378330808511, 0.1416271003374361
0.11678642510374736, 0.14108085051720812
0.11703316672037671, 0.14054119075039734
0.11728030304918098, 0.1400031895528011
0.11753098860285036, 0.13946004155273087
0.11777793633276708, 0.13892753346720357
0.11803105036088037, 0.13838434728099153
0.1182800361911939, 0.13785260777607786
0.11853150391650576, 0.13731817369385502
0.11878920439085507, 0.13677321131110273
0.11903894141130907, 0.13624771528604085
0.11929322968129881, 0.13571529928495765
0.11954905546100641, 0.13518237012558737
0.1198070614887082, 0.13464764901336196
0.12006167895764565, 0.13412265889750752
0.12032106383852854, 0.13359060615564125
0.12057774263935192, 0.13306685397761217
0.12083784193483216, 0.1325389135608794
0.1210993782447581, 0.13201089001381225
0.12136097625925886, 0.1314855849903792
0.12162438752801978, 0.1309595125205698
0.12188741059893905, 0.1304370931091048
0.12215213656317606, 0.12991419551102515
0.12241859446653418, 0.12939081949769377
0.12268532571458694, 0.12886986377931997
0.12295119030348983, 0.128353545289411
0.12322270641786505, 0.12782928587410938
0.12349272200502068, 0.12731096502599634
0.12376289540141151, 0.1267953770215427
0.12403676929868009, 0.12627582649913127
0.12430689267890224, 0.12576644762512396
0.12457848779525388, 0.12525735402159371
0.12485535731633939, 0.12474153254089672
0.12512911821127415, 0.12423463812980154
0.12541027053460407, 0.12371730287564076
0.12568783600256067, 0.12321245618074984
0.12596467573711756, 0.12270680193206661
0.12624482268135073, 0.12220104666187163
0.1265281479357167, 0.12169287251545881
0.1268099385943063, 0.12119076126535573
0.127094104453682, 0.12068776027309805
0.127383290964161, 0.12017931763379254
0.12766860615204176, 0.11968108677980208
0.12795567768329208, 0.11918320174887055
0.12823944618241795, 0.11869440886584376
0.1285352741409417, 0.11818840274375177
0.1288273064398968, 0.11769245144472164
0.12911913025484467, 0.11720038872554114
0.1294087130160503, 0.11671559618590709
0.12971230395456898, 0.11621108534960528
0.13000717999505057, 0.11572471362697347
0.1303058791655336, 0.11523570816900361
0.13060399741015785, 0.11475133689551063
0.13090730148650773, 0.114262314388713
0.13121294028942915, 0.11377337652694572
0.13151186590855826, 0.11329891333012196
0.13181666698249236, 0.11281892583841262
0.13212903773442666, 0.11233099810742023
0.13243392057764833, 0.1118586494522241
0.1327457406533422, 0.11137951815491402
0.13305689625427677, 0.11090540198638843
0.13337219868952785, 0.11042903427047766
0.13369179080906263, 0.10995036040378015
0.13400281104012418, 0.10948855757525332
0.1343226555255243, 0.10901779758356284
0.13464477084105, 0.10854793964862545
0.13496426632181463, 0.1080861071832704
0.13528898268967962, 0.10762101397003317
0.13561449926949903, 0.10715910744437451
0.13594059458091065, 0.10670072525706345
0.1362709610966889, 0.10624077016966062
0.1366007543688589, 0.1057860562684081
0.1369352323995425, 0.10532941309454268
0.13726799107807064, 0.10487963892742605
0.13760446115492678, 0.10442942877726462
0.13794222084439575, 0.10398212010199025
0.13828270083646835, 0.10353589516553628
0.13863041577939267, 0.10308503836055428
0.13897662455477558, 0.10264099748943657
0.1393172839238265, 0.10220880422574607
0.13966989419770728, 0.10176638377821841
0.14002535698891921, 0.1013254581124618
0.1403745980250939, 0.10089720415937342
0.14073044980902885, 0.10046588690416827
0.1410860011499564, 0.10004000993569857
0.14145354058734003, 0.09960509872022157
0.14180153471463064, 0.0991982965642645
0.14217664047613393, 0.0987652179996831
0.14254381017474457, 0.09834673540085322
0.1429200780641211, 0.09792344991998965
0.14328907728542112, 0.09751380402978371
0.14366601861691627, 0.09710091592392989
0.14404341274415242, 0.09669316529962425
0.14441940237024653, 0.09629252643962317
0.1448108723948389, 0.09588131368537113
0.14519828901405696, 0.0954802935741476
0.1455809455050391, 0.09508998386109063
0.1459763688298576, 0.09469267687287801
0.14637324569590446, 0.09430005304182264
0.14677049059232955, 0.09391321417599888
0.14717447992242264, 0.09352610192451767
0.14758019166054873, 0.09314371150493024
0.147985014201792, 0.09276850795336149
0.14840015931997072, 0.09239030651572623
0.14881472713629507, 0.09201925155377222
0.14923773004226443, 0.09164744739099402
0.14965516410910237, 0.09128725310755877
0.15008166310477217, 0.09092610650863409
0.15051398775090336, 0.09056709226948793
0.15095290571841752, 0.09020985734155312
0.15138648893606294, 0.08986411863565347
0.1518290949759129, 0.08951849565749534
0.15227637629714233, 0.08917670034991834
0.15272637132688555, 0.08884039202612254
0.15317911060884878, 0.0885136914926528
0.1536344955259492, 0.08818468315265954
0.15410403056120334, 0.08785765446065198
0.15457535265536196, 0.08753756512785822
0.1550484085749449, 0.08722451107462492
0.15551973750569523, 0.08692075012396713
0.15601529789211194, 0.08661011009247856
0.15649345582235652, 0.08631883322684801
0.15699417785269454, 0.08602267288719517
0.15749319441130533, 0.08573650093640321
0.15800064506969036, 0.08545464284057984
0.1585209515455111, 0.08517517951220269
0.15903043958631155, 0.0849108369985167
0.15955256517504104, 0.08464944783889776
0.16007901931267848, 0.0843955887129499
0.16062440183379104, 0.0841428161991317
0.16116910684431107, 0.08390067587690911
0.1617184702091065, 0.08366685012674903
0.16228327628133402, 0.08343726170715232
0.16285397450498543, 0.08321634338831396
0.16341978939382437, 0.08300822781069632
0.16400011816739699, 0.08280598931014
0.1646045046779753, 0.08260736093567783
0.1652015524386061, 0.08242307792884865
0.16580914961258997, 0.08224762971378068
0.16642911435545193, 0.0820810909018361
0.16705479888461733, 0.08192570118322072
0.16769471234638986, 0.08177985716683345
0.16835353713088566, 0.08164341006734367
0.1690255862877359, 0.0815184315665389
0.16969848065255527, 0.08140754603410526
0.1703840807026882, 0.08130910003341736
0.1710978043133894, 0.08122205363497503
0.17180077602506144, 0.0811515632117622
0.1725322523641105, 0.08109411353575888
0.17327920965231974, 0.08105200592502362
0.17404376991547243, 0.08102604273248733
0.17482493073843308, 0.08101721521091668
0.4078174531616924, 0.08096694407141937
0.40823918128784153, 0.08059451744224441
0.4086516877669966, 0.08023096197151218
0.40908435767105056, 0.07985042492384738
0.4094880435732639, 0.07949612279354391
0.40992112370886513, 0.07911683587378224
0.410329549887314, 0.07875992684981453
0.4107533597159576, 0.07839039660982605
0.41117392324068525, 0.07802453955336051
0.41159567060531627, 0.07765851025952661
0.4120181439352481, 0.07729272750461351
0.4124344205708472, 0.07693318224566409
0.41286156263519264, 0.07656516737235916
0.41328555326843636, 0.07620079939763873
0.41372601488223465, 0.07582327518009849
0.4141299865788569, 0.07547793545853985
0.41455662081905015, 0.07511418078922764
0.4149902856855473, 0.07474545554913821
0.41540882845835264, 0.07439058081555393
0.41583526023096057, 0.07403003467670707
0.4162587756177518, 0.07367298503567102
0.41669295409967466, 0.07330802651643743
0.41712273663179417, 0.07294785519368197
0.41754968368323286, 0.07259115018204014
0.4179786090184805, 0.07223390058116508
0.4184038300543209, 0.07188084638741472
0.41883877669562525, 0.07152087466078465
0.41926773083764274, 0.0711670231722712
0.4196959659899076, 0.07081492793518845
0.4201341227281142, 0.07045589213670848
0.4205719623060535, 0.07009835995532882
0.4209996717899605, 0.0697503140266889
0.4214381720143056, 0.06939474627895371
0.4218723028203052, 0.06904399131835279
0.42230879157424644, 0.06869261822602968
0.4227432744112252, 0.06834415488767044
0.42318409314732885, 0.06799194393788807
0.4236078493135508, 0.06765464478985829
0.42405275864479175, 0.06730187082527607
0.42450469175373656, 0.06694497040730019
0.4249382604664534, 0.06660395223745477
0.4253833201905211, 0.06625531433689028
0.42582713262297883, 0.06590909753923968
0.4262635805966671, 0.06557004448522306
0.4267102550614107, 0.06522451650385969
0.4271569826121596, 0.06488044697248317
0.42759383674839, 0.06454544468080317
0.42805262730133325, 0.06419519034068374
0.42849369718199176, 0.06385999326700494
0.4289411084234721, 0.06352152062506501
0.4293958224547123, 0.06317912834482835
0.42984341287495076, 0.06284369273252326
0.4302990617914906, 0.06250385320102549
0.43075181263062806, 0.06216782143713796
0.43119292709672496, 0.06184201602641142
0.4316430995073099, 0.06151114962432547
0.43209823826573657, 0.061178317754551334
0.4325549166289039, 0.060846074172694706
0.43301803554217666, 0.060510910362498914
0.43347671292599, 0.06018072481686992
0.43393223266159936, 0.05985456107447166
0.43439844882938194, 0.05952255439176326
0.4348567831842424, 0.05919796231442963
0.4353181980859904, 0.05887300414364861
0.4357845730791271, 0.058546414850628004
0.4362462872595295, 0.0582249443664492
0.43671094778670383, 0.05790329643499018
0.4371790283046159, 0.05758119250286622
0.43764748144037247, 0.0572607633637034
0.43811851911864075, 0.05694052471856448
0.4385823705221995, 0.056627101175469714
0.4390580891998313, 0.05630765738351996
0.439525715975732, 0.055995629848947084
0.44000269894861294, 0.055679394046711864
0.4404751708159344, 0.0553681846822506
0.4409484207091323, 0.055058503298269036
0.44142494501774737, 0.054748751867710846
0.44190776035548424, 0.05443704180781052
0.44238401115202547, 0.05413168012086395
0.44285579984323553, 0.05383125461049535
0.4433470160019094, 0.0535206620423915
0.443833309017154, 0.05321540542458849
0.4443158003425577, 0.05291473045170956
0.4448039702682451, 0.05261275030022246
0.44529138724180617, 0.052313485672773795
0.44578214294387464, 0.052014450607602514
0.44627592357277934, 0.05171588866651153
0.44676826053126056, 0.05142052086231478
0.44726344845699306, 0.05112578834993164
0.44774844967725996, 0.05083940652293125
0.44824816703839315, 0.05054671025585006
0.4487491783495493, 0.05025568318553079
0.4492491424362813, 0.049967694187781034
0.449746963399518, 0.04968335770641253
0.4502532224871529, 0.049396682913638724
0.4507559203718888, 0.049114506737487136
0.45126429927319506, 0.0488316631881161
0.4517739921377699, 0.04855064018318261
0.4522919746584329, 0.048267669997890464
0.4527868958984964, 0.04799977383398847
0.4532999466901762, 0.047724623596064684
0.45382051684524377, 0.04744810851564795
0.45433198059787777, 0.04717905253026998
0.45485417930667776, 0.046907035347497864
0.4553727583948915, 0.0466395934440725
0.4558906539574565, 0.04637518350894956
0.45640980001436066, 0.046112826002604114
0.4569412748057256, 0.04584703271166178
0.4574635171312097, 0.04558861415355072
0.457995146464261, 0.045328361169049015
0.4585208765252567, 0.04507378726313155
0.45905774694219276, 0.044816686056564255
0.4595941066133007, 0.04456272454426738
0.46013000604778853, 0.04431187306648389
0.46066246124015137, 0.04406549818834945
0.4612068392299676, 0.043816559777846445
0.4617452062073121, 0.04357330776694347
0.4622961549957768, 0.04332739611512218
0.4628390259738339, 0.04308808344339353
0.4633887277795421, 0.0428487873479367
0.46393491040041934, 0.042614040294747337
0.46448918445043, 0.042378890414279995
0.465043221536231, 0.04214693276074432
0.4656037264032443, 0.04191541383274709
0.4661615819124108, 0.04168812920445262
0.46672315406139653, 0.04146249182613701
0.467284874350348, 0.041239965702053155
0.4678503231305015, 0.04101916248329459
0.46841447262852215, 0.040802062718152184
0.46899443305470584, 0.04058220245900908
0.4695513489035419, 0.040374246005917255
0.47014264064412964, 0.04015684520903089
0.470716939798502, 0.03994903131955389
0.4713034755059884, 0.039740180224314525
0.471885516362537, 0.039536310773783015
0.47246940058517667, 0.03933517319771244
0.4730602719525286, 0.03913506550711504
0.4736515723955182, 0.0389382659356032
0.47423245195431957, 0.03874829086446487
0.4748357591101769, 0.03855449374965986
0.4754375557106053, 0.03836473848493967
0.4760372206492541, 0.038179179027307976
0.47663620716729094, 0.03799733093532272
0.47722888396211416, 0.03782083242087887
0.47785771273768146, 0.03763729079781946
0.4784776534385243, 0.03746008316136544
0.4790887579162511, 0.03728902261956002
0.4797072114572728, 0.03711955227414208
0.48033782526696106, 0.03695051333340245
0.48094106812136483, 0.03679235391100426
0.4815772742584559, 0.03662929017196754
0.48221138839866545, 0.03647056450115147
0.48283466544414927, 0.03631823425513182
0.4834688101721247, 0.036166978064253306
0.4841015738299773, 0.03601978370183152
0.4847544664805648, 0.035871795793728116
0.4853970857837647, 0.035729973816043356
0.4860414741703178, 0.0355915638892338
0.4866943269099088, 0.03545519800123847
0.4873512288030584, 0.035321887358739174
0.488010262639214, 0.03519205361363787
0.4886710907562141, 0.03506577451585408
0.4893322216660918, 0.03494332932995491
0.4900036434646824, 0.03482293676429911
0.4906691092841779, 0.03470752235110292
0.4913432993899621, 0.034594537450218184
0.49201194104253543, 0.03448637446002297
0.4927099830869746, 0.03437756081263072
0.4933869987037486, 0.034276000957279715
0.49408101027005685, 0.03417592401242532
0.4947696041342187, 0.03408063124264047
0.4954629649805029, 0.03398867453964409
0.49617290602568703, 0.03389863850856132
0.49686996671589934, 0.033814256315306095
0.49756575353088905, 0.033733965737428026
0.4982829009187228, 0.03365528948878141
0.49899338644080593, 0.03358138911806084
0.49971448428790916, 0.03351046167867365
0.5004325073056206, 0.033443876828509626
0.5011569337069847, 0.03338074185419959
0.5018932301624094, 0.033320690472474025
0.5026115416178722, 0.03326606336388096
0.5033427171800766, 0.033214427572070195
0.5041111903043881, 0.03316442468374185
0.5048221412557174, 0.03312201319602545
0.5055793292271415, 0.03308086169200741
0.5063167748577901, 0.03304471852216907
0.5070873921506032, 0.033011045466478865
0.5078546974102707, 0.0329816214241573
0.5086222184168421, 0.03295623015803588
0.509367247901441, 0.03293539517311843
0.5101348685242182, 0.03291780085264346
0.5109058171145617, 0.03290402877588345
0.5116979782571944, 0.03289388582386209
0.5124733145632991, 0.03288783111436024
0.5132530619616134, 0.03288554429587509
0.6856266642816548, 0.032839805838359305
0.6862804605253875, 0.032696002132961935
0.6869223618148289, 0.03255430880966954
0.6875638249630183, 0.0324122284526597
0.6882071564344955, 0.03226926557331184
0.6888586283537492, 0.03212403225298854
0.6894977705125495, 0.03198111359664765
0.6901543047446194, 0.031833875676500804
0.6907832089336998, 0.03169244173026575
0.6914322444469618, 0.03154609460000738
0.6920678067523411, 0.03140242221742266
0.6927145269911038, 0.03125587515085475
0.6933522328139866, 0.031111039188091594
0.693991128744328, 0.03096561915373065
0.6946188785579324, 0.03082244609663616
0.6952750688586009, 0.030672495777598997
0.695919823609176, 0.030524886105433947
0.6965490779975654, 0.03038058044572125
0.6971969640401803, 0.030231765916888174
0.6978426393295554, 0.030083237253786366
0.6984768932749967, 0.029937136204126535
0.6991136387912877, 0.029790277822422342
0.6997523779705948, 0.029642790790565934
0.7003914005196709, 0.029495084867109552
0.7010330913490082, 0.029346623396435404
0.70167935904631, 0.029196978705753558
0.7023095478594106, 0.02905095206097468
0.702950630918384, 0.028902310197561825
0.703595013012034, 0.028752826609839077
0.7042290441918968, 0.02860568429167832
0.7048599638447126, 0.028459220011534565
0.7055014827332572, 0.028310264795891427
0.7061476981795348, 0.028160203760068947
0.7067916745740799, 0.028010662635456682
0.7074278741905702, 0.027862942088052445
0.7080659264792335, 0.02771482092349279
0.7087041147117329, 0.027566712288932396
0.7093513833097939, 0.027416556250298506
0.7099917842034098, 0.0272680673293408
0.7106162094792496, 0.02712336753936968
0.7112635454152939, 0.02697346109467873
0.711915923849416, 0.026822507415409425
0.7125401398024266, 0.026678197150518567
0.7131763551836748, 0.026531253883829434
0.7138077533401052, 0.02638557766609635
0.7144684133866107, 0.02623332926880584
0.715091024136417, 0.026090029571637783
0.7157269573862727, 0.02594385802407178
0.7163849036491553, 0.025792847009243797
0.7170204781483559, 0.0256471968742737
0.717669267848099, 0.025498761150133463
0.7183018090310305, 0.02535429143641201
0.7189394631371006, 0.02520891552699979
0.7195858343117488, 0.025061832746919553
0.7202180438516231, 0.02491825829147999
0.7208671625686058, 0.024771150169650293
0.7215073468009349, 0.024626383654845468
0.7221533643192644, 0.024480629124135813
0.7227955269725398, 0.024336086173861477
0.7234383274227438, 0.024191753096514862
0.7240839415219117, 0.02404715605716702
0.7247200168451946, 0.0239050673602047
0.725368535709206, 0.023760590856527753
0.726009770611766, 0.02361813732991672
0.7266574315139083, 0.02347467176990127
0.7272991886091158, 0.023332937032469477
0.7279500642415525, 0.023189629758283134
0.7285923701865555, 0.0230486559423762
0.729246257646927, 0.022905606881733705
0.7298836233176087, 0.02276663585026304
0.7305268546197642, 0.022626860231101033
0.731179527349131, 0.022485530384172538
0.7318266802097302, 0.02234590079192309
0.7324756456187262, 0.022206395231366225
0.7331314593677241, 0.02206595161621604
0.7337734365219148, 0.02192900079050595
0.73442639816458, 0.021790253962059723
0.7350731353524835, 0.021653383075694844
0.735725670787026, 0.02151585266207756
0.7363778230703122, 0.02137898164659288
0.7370310945172096, 0.021242464854257802
0.7376792316959672, 0.021107612557949833
0.7383331045044842, 0.02097217236552492
0.738982518181448, 0.020838266354908225
0.7396320919111602, 0.020704944389412342
0.7402901230231362, 0.020570523715258075
0.7409429222901572, 0.02043781374400218
0.7416038012156575, 0.020304120367378612
0.7422653867132817, 0.020170956292990302
0.7429005689489475, 0.02004374663888615
0.743572800481041, 0.019909807452077474
0.7442198657357111, 0.01978156017036083
0.7448778697578884, 0.0196518337448629
0.7455352932039149, 0.019522921903096336
0.7461897839157269, 0.01939528709818443
0.7468678341221578, 0.01926380354021897
0.7475166120598339, 0.01913871270047004
0.7481796579213814, 0.019011601097788555
0.7488381053166263, 0.018886107501482178
0.7495017359936224, 0.018760374372955645
0.7501607074623435, 0.018636273201918428
0.7508211804714164, 0.018512643197829307
0.7514858197971839, 0.018389000987928037
0.7521532126559585, 0.018265626565709108
0.7528095748903311, 0.018145058404640528
0.7534899264697617, 0.018020891401911102
0.754150678541201, 0.017901093074272307
0.7548181814375883, 0.01778086731656817
0.7554856718564104, 0.01766144852358723
0.7561559380470112, 0.017542346861427017
0.756809998236628, 0.017426914726272117
0.7574934352142617, 0.01730713511960412
0.7581612125723157, 0.01719092986869289
0.7588327191032681, 0.017074906184400152
0.759509093674471, 0.01695888617490961
0.7601830982594211, 0.016844119223163978
0.7608554077722837, 0.016730485310075094
0.7615287054344967, 0.016617594595028477
0.762201318610864, 0.01650554320640828
0.7628834870159283, 0.016392832850989345
0.7635506734417469, 0.016283446247177404
0.7642344418825595, 0.016172213774605256
0.764906802001653, 0.01606370016695879
0.7655904071976953, 0.015954250222147495
0.7662642584993937, 0.01584723018826778
0.7669493155074321, 0.015739315104411473
0.7676220988435436, 0.015634202270523034
0.7683144141966847, 0.015526937483542294
0.7689906504946039, 0.01542304493857585
0.7696718748740641, 0.015319266933468004
0.770361580400884, 0.015215097493040475
0.7710402430298465, 0.015113480371920313
0.7717352028145776, 0.01501033172410237
0.7724131783853521, 0.014910589580656927
0.773102956180241, 0.014810007893652681
0.7737873693813232, 0.014711101671179417
0.7744813358937079, 0.01461172215284277
0.7751627591386754, 0.014515026467528669
0.7758564004250024, 0.014417498924204264
0.7765490238093362, 0.014321020660885201
0.7772435508620495, 0.014225184602648811
0.777937061611527, 0.014130393285806522
0.7786308530758757, 0.014036465812710152
0.7793128108693308, 0.013945017508130618
0.7800119851502129, 0.013852160451942314
0.7807132686959041, 0.01375993600419818
0.7814097036214235, 0.013669250629337921
0.7821009829032618, 0.01358012188228404
0.7828056245657341, 0.013490174630877672
0.7835131035488933, 0.013400780063225202
0.7842010529578781, 0.013314728738550888
0.7848969687912144, 0.013228555220074989
0.7856021162528095, 0.013142131627150923
0.7863215525124583, 0.013054878679708237
0.7870134547620218, 0.012971839021335821
0.7877171184010794, 0.012888262074832579
0.7884216884411444, 0.012805456056969956
0.7891279533840829, 0.012723328226445072
0.789837617887368, 0.01264168469636518
0.7905396982485967, 0.012561775999151115
0.791241729696527, 0.012482725130770167
0.7919497896931799, 0.012403853162108736
0.7926661976971464, 0.012324922017206535
0.7933948566660735, 0.01224553320716425
0.7940775991572846, 0.012171957704007965
0.7947968763475165, 0.012095287175527294
0.7955131656573542, 0.012019787219188375
0.7962327765187475, 0.011944786641583287
0.7969350453470313, 0.01187240793663646
0.7976550315141805, 0.01179903135828732
0.7983678417112992, 0.011727205158857496
0.7990807422991153, 0.0116561777834097
0.7997964743452617, 0.011585673864042644
0.8005197435808477, 0.011515239782070358
0.8012349832752793, 0.011446383137991751
0.8019491379757913, 0.01137841249623638
0.8026622773389559, 0.011311310141158003
0.8033913806246545, 0.011243494687149922
0.8041133164002521, 0.011177123755499353
0.8048391661758522, 0.011111164899349383
0.805551831209523, 0.011047148945822781
0.8062901133430345, 0.010981601438697482
0.8070032226953946, 0.010919023852378399
0.8077325502395947, 0.010855761327462559
0.8084532580777927, 0.010793971119460587
0.809184675649508, 0.01073199014319418
0.8099059009022648, 0.01067158140165023
0.8106267964086227, 0.01061189440173273
0.8113678206813428, 0.010551254643009196
0.8120870368024841, 0.010493082229493666
0.812816023352311, 0.010434796528837205
0.8135524038557802, 0.010376601923312554
0.8142780662764953, 0.010319915456562303
0.8150122731244874, 0.010263219834389778
0.8157421028712002, 0.010207508632175583
0.8164778150890184, 0.010151990801609764
0.8172042882132875, 0.010097793233206016
0.8179489286659904, 0.010042872648588087
0.8186741765893562, 0.009989987767365021
0.8194088307203066, 0.00993701601006485
0.8201407712866791, 0.009884829395721906
0.8208793131773608, 0.00983275822880335
0.8216173641242659, 0.009781299530227413
0.8223569630654189, 0.009730301937441885
0.8230840776110397, 0.009680710282969076
0.823826214091906, 0.009630641025012909
0.8245637107858064, 0.009581421767417081
0.825301078874395, 0.00953273577366823
0.8260379111311684, 0.009484598823962295
0.8267615083144577, 0.00943781618954857
0.8275120150872782, 0.009389795779690771
0.8282726433536214, 0.009341638174320667
0.8290023140908498, 0.00929591296109941
0.8297427196092142, 0.009249977382427397
0.8304707797280187, 0.00920525166082283
0.8312234388248123, 0.009159466935952121
0.8319706689884784, 0.009114456397301633
0.8327116775997326, 0.009070246876384695
0.8334636521710478, 0.009025806151009359
0.8341978267532061, 0.008982818265166012
0.8349464296205775, 0.008939382860610452
0.8356895292438883, 0.008896652981166818
0.8364322317258193, 0.008854320034255878
0.837175538425298, 0.008812316795152948
0.8379242893582687, 0.008770363696379162
0.8386737165995847, 0.008728721878418153
0.839425622222593, 0.008687282842253813
0.8401592488049728, 0.008647169879020776
0.8409116993341995, 0.00860634442835942
0.8416593265120511, 0.008566088130817443
0.8424031349160139, 0.008526331544955794
0.8431482617946955, 0.00848678863118339
0.8439078443224048, 0.008446761009080312
0.844659162491218, 0.008407439323192297
0.8453952863483658, 0.008369163996276616
0.8461432889668875, 0.008330515950705612
0.8468887894588847, 0.008292233320194575
0.8476440339495244, 0.008253680837700634
0.848390430195839, 0.008215798538790195
0.849124252515185, 0.008178756904440306
0.8498873909043955, 0.008140439010436692
0.8506311427151863, 0.008103284899437402
0.8513847348876614, 0.00806582159617308
0.8521343957710831, 0.008028726766654962
0.852895753187245, 0.007991220452292959
0.8536416575604764, 0.007954629930523592
0.8543954766279402, 0.007917797726020416
0.8551402673582147, 0.007881542634318572
0.8559043379849071, 0.007844480709877632
0.8566414057239069, 0.007808846565158092
0.8574106346683923, 0.007771772459625678
0.8581464809038801, 0.007736408967019928
0.8589015122382974, 0.007700218682498484
0.8596465332374541, 0.00766459481332735
0.8603989412820587, 0.00762869708107403
0.8611539848017381, 0.007592745890779785
0.8619048005917969, 0.007557060127032153
0.8626553280331928, 0.007521444416580347
0.8634059787758979, 0.007485871785165688
0.8641564865524642, 0.007450347512595697
0.8648924622174479, 0.007415544640300385
0.8656846491382862, 0.007378113073633306
0.866413126170659, 0.007343712041274863
0.8671704877763549, 0.007307960604803079
0.8679041395843808, 0.0072733353514459025
0.8686652209319664, 0.007237416170498382
0.8694234303018064, 0.007201626707139288
0.8701767782189597, 0.007166054626016424
0.8709265352687675, 0.007130634006813307
0.8716769472093295, 0.007095158497822083
0.872425689290856, 0.007059732224683641
0.8731710188258922, 0.007024432412180063
0.8739091634734667, 0.0069894331365446295
0.8746828951559792, 0.006952698467618689
0.8754351361296419, 0.006916931637399709
0.8761792414391635, 0.006881495621900073
0.8769417845597772, 0.006845118758938395
0.8776887809916463, 0.006809417088266375
0.8784582559473283, 0.006772567442102512
0.8791925218781371, 0.006737329819691252
0.8799605371139211, 0.00670039065171232
0.8807008738346733, 0.006664699253975679
0.8814404936895812, 0.006628956684361274
0.882188710870877, 0.006592707552293858
0.8829454570263368, 0.0065559482713763014
0.8836999946521773, 0.006519195470542804
0.8844513824174285, 0.006482492568829606
0.8851920154196196, 0.006446210595890086
0.8859463557905269, 0.00640914738352161
0.8867045434823821, 0.006371780416522805
0.8874548551755473, 0.006334685455263524
0.8882004312640784, 0.006297707382395245
0.8889563843853518, 0.0062600926894818285
0.8897037568876036, 0.0062227817235615285
0.8904492167153644, 0.006185441858283667
0.8912165884277092, 0.006146872420002959
0.8919336739483446, 0.006110707441502882
0.8927017927581291, 0.006071834901301577
0.8934444881968118, 0.006034115592567269
0.8941942570371778, 0.005995902414402693
0.8949463118645234, 0.0059574352521530325
0.895698926613726, 0.005918800222949756
0.8964458078868821, 0.005880320611621509
0.8971980898026443, 0.005841421704523259
0.8979440257894655, 0.005802710199083399
0.8986857075938148, 0.00576407967442325
0.8994452342169529, 0.005724374522326272
0.9001702519397978, 0.005686335700257259
0.9009254751279263, 0.0056465687057242865
0.9016820846134328, 0.005606581602484599
0.9024273114116586, 0.005567051907919074
0.9031838696669641, 0.005526774617134632
0.9039360908282594, 0.005486582009498907
0.9046639427702889, 0.005447552670634254
0.9054247171812104, 0.005406612437596332
0.9061634993967961, 0.005366713578531692
0.9069147430160709, 0.00532599869483168
0.9076684459919083, 0.005285006144252135
0.9084082633795887, 0.0052446289213735
0.9091510788860424, 0.005203949397458594
0.9099036840696978, 0.005162592954011572
0.9106457968730232, 0.005121675380374431
0.9113868208414487, 0.0050806824393469395
0.9121347888074851, 0.005039169465016235
0.9128789462324286, 0.004997733746696125
0.9136213638893205, 0.004956262946141839
0.914370247844029, 0.004914298894784548
0.9151211558552406, 0.004872089925159854
0.9158410405929095, 0.004831502771978819
0.9166049441122008, 0.004788305064817419
0.9173571249142604, 0.004745642593630587
0.9181017163506326, 0.004703287876985927
0.9188419887913999, 0.004661059777072974
0.9195968008003458, 0.004617882280228972
0.9203247393890536, 0.004576129376165755
0.921076996188159, 0.00453286773255719
0.9218308780267055, 0.004489398897508434
0.9225675703865965, 0.0044468136507145786
0.9233324203783819, 0.004402490903685166
0.9240576046783097, 0.004360365913322922
0.9247839796673011, 0.004318075883441092
0.9255473955275361, 0.00427352861851039
0.9262849795855771, 0.004230393503709438
0.9270318288613575, 0.004186624066515823
0.9277763518351764, 0.004142901254775882
0.9285233775416777, 0.00409894438502577
0.9292582503372446, 0.004055620558158535
0.9300085337285023, 0.004011307276081277
0.9307396741190539, 0.003968048953483915
0.9314959976920131, 0.003923225357383108
0.9322373854857965, 0.0038792157898692205
0.9329781366868433, 0.0038351769132772924
0.9337189744051074, 0.0037910691631569743
0.9344582260717897, 0.0037469954366420124
0.935217020155435, 0.0037016974574217557
0.935937133197473, 0.0036586564330299822
0.9366848513441318, 0.0036139151527641985
0.9374355967625009, 0.003568944591869891
0.938186865771686, 0.0035238980303247337
0.9389198075654801, 0.0034799108684624197
0.9396642570095219, 0.003435196622453285
0.9404129065716459, 0.0033901966517698445
0.9411365680648479, 0.0033466702875507236
0.9418852373217084, 0.0033016139550611
0.9426428491513485, 0.003255996490837488
0.9433872682196556, 0.003211154621119209
0.94411246076505, 0.003167456546760139
0.9448599262590647, 0.0031224052428675294
0.9456046816490319, 0.0030775095326146034
0.9463474168841652, 0.0030327317644051766
0.9471015813373506, 0.0029872647888350224
0.9478379274348977, 0.0029428754902953193
0.9485717592549435, 0.0028986448106714424
0.9493187438157674, 0.0028569401378531144
0.950063787586915, 0.0028087512180625662
0.9508034633009536, 0.0027642116670249348
0.951545499979506, 0.002719551697579176
0.9522728157645223, 0.0026758042330128576
0.9530164292314666, 0.0026311015220942084
0.9537767269867015, 0.0025854315781008034
0.954500411415014, 0.002541996273475794
0.9552603149689871, 0.0024964278601119078
0.9560032195862996, 0.0024519227813419473
0.9567448145819357, 0.0024075430681249335
0.9574911346763142, 0.002362931490870487
0.9582333901058184, 0.0023186169041328904
0.9589824443747408, 0.002273954688245239
0.9597116005086175, 0.0022305383903948616
0.9604529346142179, 0.0021864605146381067
0.9611985074808602, 0.002142198627993914
0.9619277660286158, 0.0020989744125039
0.962682966938202, 0.002054288037941292
0.9634366578935752, 0.002009770938066237
0.9641904564765513, 0.00196533070304671
0.9649099809148927, 0.0019229917879223213
0.9656626832372319, 0.0018787880929060743
0.9664196306521611, 0.0018344285085416963
0.967154164561661, 0.001791474986768322
0.9678919501528913, 0.0017484261068148861
0.9686391466024067, 0.0017049278357373669
0.9693911512326627, 0.0016612539461710704
0.9701257446301321, 0.0016186951149950476
0.9708683301073344, 0.0015757803020165428
0.9716130307282522, 0.0015328541223087106
0.9723611608063383, 0.0014898447066111424
0.9730973781397395, 0.0014476347880211988
0.9738487894961468, 0.0014046735390013626
0.9745873015249593, 0.00136257021266077
0.9753295316746783, 0.001320377659931924
0.9760819044687823, 0.001277736489334367
0.9768166418985627, 0.0012362214876318273
0.9775836045531573, 0.0011930214412073678
0.9783171900904303, 0.0011518334198658568
0.9790609219011, 0.001110209604480024
0.9798156821992432, 0.001068108440606099
0.9805496309037316, 0.0010273052480565753
0.9813024486970081, 9.855954174242407E-4
0.982052150792417, 9.442033481220306E-4
0.9827880488998322, 9.037160201186253E-4
0.9835477908935942, 8.620668679484383E-4
0.9842956719306489, 8.212182938371423E-4
0.9850370241971486, 7.808752657804815E-4
0.9857785961108466, 7.406699458374651E-4
0.9865218852372338, 7.005231963011881E-4
0.9872775805756574, 6.598633428525092E-4
0.988020723742882, 6.200344630691251E-4
0.9887727897861885, 5.798856052480086E-4
0.989516572604139, 5.403366271716191E-4
0.9902670221994601, 5.005930762966543E-4
0.9910127790439295, 4.6125812936243757E-4
0.9917634129363831, 4.2182788863969357E-4
0.9925235776096897, 3.8206340970422457E-4
0.9932507189284276, 3.4418374297093046E-4
0.9940093694501813, 3.0482721342240884E-4
0.994750252121903, 2.665551935755453E-4
0.9954759182567536, 2.292255163416368E-4
0.9962519591618839, 1.8947596821020403E-4
0.9970127072612952, 1.5068211474605773E-4
0.9977698285185423, 1.1224280052038994E-4
0.9985051363456453, 7.507301655848243E-5
0.999254324644133, 3.736583993509722E-5
0.9999999999511802, 4.684636027575324E-11
0.00828366758837337, 0.6010203879783698
0.10769444328031921, 0.16270674301790852
1.0, 0.0
