4.119968255444917E-18, 1.0
0.0040110054951516035, 0.9999999999994822
0.00799441685302827, 0.999999999983674
0.011997752234586479, 0.9999999998757042
0.01599920974567449, 0.9999999994758456
0.0199992048363162, 0.999999998400322
0.024003980529269765, 0.9999999960153917
0.027998186472937177, 0.9999999913976105
0.0319940319235139, 0.9999999832384254
0.036002694724604885, 0.9999999697555995
0.04000361728351273, 0.9999999487768487
0.0440070170858499, 0.9999999174761152
0.04799274790307219, 0.9999998726942324
0.05200015699649375, 0.9999998098951037
0.05599703795722086, 0.9999997247068964
0.05999677339744078, 0.9999996113044598
0.06399734807107559, 0.9999994632401704
0.06799880832095304, 0.9999992730966543
0.07198461143039075, 0.9999990335741675
0.0759919333120276, 0.9999987329091874
0.07999883139887902, 0.9999983617183432
0.08399613625996523, 0.9999979094189905
0.0879936400503877, 0.99999736229033
0.09198689103596884, 0.9999967069341437
0.09600108997729044, 0.9999959228968205
0.09998891484420283, 0.9999950027582128
0.1039918747083677, 0.9999939190929907
0.10799763272676573, 0.9999926541377862
0.11197950665373371, 0.9999911963115623
0.11598493439803387, 0.9999895050544646
0.11998497117061954, 0.9999875661117011
0.12399959669258713, 0.9999853420056369
0.1279793557263559, 0.9999828338332035
0.13197925992515808, 0.9999799782149131
0.13596818905292915, 0.9999767639867284
0.1399632656153265, 0.999973143700576
0.14396485807132017, 0.9999690785973869
0.14795976930628926, 0.9999645434944435
0.1519539563456252, 0.9999594921810017
0.155960033920709, 0.9999538632894788
0.15994119032484058, 0.9999476661135572
0.16393826548506632, 0.9999407914343124
0.1679331959323143, 0.9999332167928299
0.17192660297867002, 0.9999248893144679
0.17590238634408406, 0.9999157932421626
0.17988805949883094, 0.9999058105756938
0.1838956909983471, 0.9998948399932545
0.18788750303749702, 0.9998829194098289
0.1918660225190633, 0.9998699864550814
0.19585083256785374, 0.9998559118039266
0.199837479461381, 0.9998406363281124
0.20381706157096544, 0.9998241222594362
0.20780998875803736, 0.9998062042793473
0.2117803921832639, 0.9997869679202875
0.21576677717566817, 0.9997661466145217
0.21976513698391859, 0.9997436580625781
0.223704489543004, 0.9997198411509159
0.22768554617712594, 0.9996940053986008
0.23164555226854194, 0.9996664489827172
0.2356453800677827, 0.9996366346062873
0.23959928397989702, 0.9996051034470137
0.24358232108457475, 0.9995711632879786
0.2475252316653798, 0.9995353046768796
0.25148305026122014, 0.9994969364473932
0.2554589565810457, 0.9994558810590941
0.2594132038279818, 0.9994124321847538
0.2633782499975249, 0.9993661197654921
0.26731296810424016, 0.9993173180620316
0.27126685292270475, 0.9992652946238086
0.2751900087790269, 0.9992105861028282
0.27915459792090364, 0.99915203465447
0.28309822431301196, 0.9990903940464272
0.28702244707958374, 0.999025546836858
0.290957957233196, 0.9989568475657511
0.29487532408337214, 0.9988846673410943
0.2988078903107644, 0.998808238983015
0.3027369218624236, 0.9987277475011408
0.30663922748642886, 0.9986435517989998
0.3105573351155629, 0.998554583716903
0.3144612183198408, 0.9984613504653516
0.31836838074274953, 0.9983632769352127
0.3222446490600798, 0.9982610930626614
0.3261600122985777, 0.998152753347299
0.33004445241323416, 0.9980399912515708
0.33391549797018044, 0.9979221972830545
0.3377932374103788, 0.9977985792587057
0.3416645737489598, 0.9976693549100062
0.3455431440351471, 0.9975338626985047
0.3493933560514593, 0.9973931883865806
0.35324624400628096, 0.9972460490987168
0.35708477231704494, 0.9970929106393852
0.36093384993421385, 0.9969325699379098
0.3647817396038564, 0.9967652670169704
0.36858794399080624, 0.9965926545941483
0.3724199959274683, 0.9964114839275939
0.37620457639143723, 0.9962250529033927
0.3800246627739406, 0.9960290716662846
0.38382680169182193, 0.9958259868513972
0.3875926248274743, 0.9956167081114231
0.3913958806086216, 0.9953968835414009
0.3951568749984415, 0.9951708842765646
0.3989368556839665, 0.9949348526491814
0.4026887572329317, 0.9946915004375158
0.4064563403521693, 0.9944377689790045
0.41017966375907283, 0.9941775361077426
0.41389853025090767, 0.9939079379409231
0.4176349616733733, 0.9936270527928861
0.4213454175195514, 0.993337910722687
0.42503982401037277, 0.9930396323397
0.42873173879102483, 0.9927309188503757
0.43241666513543536, 0.9924119010005311
0.4360755557797576, 0.992084086338815
0.4397533303166621, 0.9917431889763227
0.4433960436730218, 0.9913939894048369
0.4470450446076156, 0.9910323612063826
0.45061211181628147, 0.9906671204579847
0.4542811949210858, 0.9902790248886586
0.4578876341650175, 0.9898849833862486
0.46147760433195584, 0.9894800528522963
0.4650627818962769, 0.9890627170245337
0.4686487178324534, 0.9886320348181449
0.4721937715208487, 0.9881929133739442
0.47574541514779844, 0.9877393463707528
0.479282722592703, 0.9872737287154808
0.4828061933169413, 0.9867958356476348
0.48631230223101646, 0.9863060062796167
0.489809015928057, 0.9858029627990954
0.49327662298196595, 0.9852894525370447
0.4967533200881977, 0.9847596136062675
0.5002128178611405, 0.9842171700293586
0.5036746484367277, 0.9836588174049719
0.5070890440453482, 0.9830925483295007
0.5104995969306092, 0.982511144873074
0.5139137960207734, 0.9819129891784693
0.5173092449528193, 0.9813017667754721
0.5206801289645994, 0.9806784913720706
0.5240498795469636, 0.9800386708842085
0.5273919607199717, 0.9793872105601863
0.5307199916007624, 0.9787214230251404
0.5340400212769555, 0.9780399173071662
0.5373610138605571, 0.9773405533510071
0.5406329443126154, 0.9766338965976676
0.5439045952703314, 0.975909456366511
0.5471640479356599, 0.9751696196534972
0.550420159655815, 0.9744121470889571
0.5536468788705633, 0.9736430181677131
0.5568564164437516, 0.972859364432266
0.5600582752473967, 0.9720587230468499
0.5632426011278886, 0.9712434209311248
0.5663982053231729, 0.9704163787235739
0.569563083590311, 0.9695674528097168
0.5727050114236842, 0.9687050500247277
0.575834139911963, 0.967826354252214
0.5789299636849445, 0.9669371987945957
0.5820255479091897, 0.9660280455620882
0.5851018642917903, 0.9651043090888085
0.5881640632211687, 0.9641644073541661
0.5912091972696529, 0.9632091917033485
0.5942270352157759, 0.9622419570446672
0.5972540165642068, 0.961250843598808
0.6002452333680138, 0.9602504667137375
0.6032279080268304, 0.9592318219864733
0.6061843172892099, 0.9582009682876501
0.6091529295368485, 0.9571442752556989
0.612075103068259, 0.9560826247331022
0.6149962954151537, 0.9549996581755054
0.6179016757738323, 0.9539006950133818
0.6207907049205931, 0.9527859354329474
0.6236577410643044, 0.9516576283057011
0.6265144629585826, 0.9505111843783488
0.6293379821405468, 0.949355933279026
0.6321702169525819, 0.9481746469364595
0.6349808194720423, 0.9469797714365045
0.637777086121375, 0.9457682720337542
0.6405508338727309, 0.9445437780114426
0.6433077808345491, 0.94330388477809
0.6460399287835957, 0.9420523442222875
0.6487727852514458, 0.9407774108730544
0.6514831899366647, 0.9394898024919253
0.6541846973612647, 0.9381831176473434
0.6568686507013689, 0.9368615224025262
0.6595600475426707, 0.9355124720630554
0.6621773302333521, 0.9341773678105173
0.6648115744993941, 0.9328101514712487
0.6674179281710997, 0.9314338926448827
0.6700251568474511, 0.9300334082509711
0.6726153548824552, 0.92861817760087
0.675193047305264, 0.9271857758744577
0.6777434536525418, 0.925744613085918
0.6802785571294719, 0.9242881598199635
0.6828062199420512, 0.9228118646325999
0.6853211510723256, 0.921318748794459
0.6878097476177883, 0.9198170968087774
0.6902957640803022, 0.9182926394126112
0.6927604177084461, 0.9167568906582229
0.6952047668782488, 0.9152094544356574
0.6976281075752153, 0.9136510413632294
0.7000574083865659, 0.91206418081566
0.7024621832417874, 0.9104687154987131
0.704851586789735, 0.9088588303904777
0.7072260353598563, 0.9072343615062072
0.7095916530761687, 0.9055911370623583
0.7119376235490955, 0.9039367661764033
0.7142686317816894, 0.9022681422032115
0.7165774711221463, 0.9005906674962074
0.7188863410867669, 0.8988882190024169
0.7211628612955479, 0.8971848488796288
0.7234473047717143, 0.8954504725878126
0.725711466165232, 0.893706358094942
0.7279486684310822, 0.8919580861026324
0.7301872227666951, 0.890183612769339
0.7324043842751001, 0.8884009584528823
0.7345942691188471, 0.8866153355335239
0.7367954551115212, 0.8847952141405371
0.7389682414272513, 0.8829733717612076
0.7411469300298004, 0.8811210890642073
0.7432794136950102, 0.8792830287265225
0.7454139502934669, 0.8774180299132422
0.7475344978084911, 0.8755399783321345
0.7496461165057393, 0.8736444580991356
0.7517427994259888, 0.8717369475463743
0.7538227558008899, 0.8698193075487999
0.7558917193978453, 0.8678864157326718
0.7579538125508911, 0.8659344061162801
0.7599860741732382, 0.8639853536625037
0.7620147657923201, 0.8620143544515392
0.764030458603224, 0.8600305400850855
0.7660341882033583, 0.8580330229192037
0.7680368420379602, 0.8560108544791962
0.7700012486864903, 0.8540019845038819
0.7719595888002017, 0.8519740216365245
0.7739159662987211, 0.8499225333966149
0.7758597385150239, 0.8478586248850227
0.7777868954008438, 0.8457867909985446
0.7797033054324135, 0.8437009268240897
0.7816041364136066, 0.8416064797011535
0.7834942445585128, 0.839498289790805
0.7853778840852275, 0.8373716208519622
0.7872425271786162, 0.8352407983463823
0.7890956609508931, 0.8330975551869204
0.7909405468398172, 0.8309381893749685
0.7927654364465553, 0.8287767029526475
0.7945845463154461, 0.8265964597112715
0.7963962212534212, 0.8243993832881533
0.7981877693087082, 0.8222011137805583
0.7999807777164647, 0.8199752223969732
0.801751649123233, 0.8177511104213189
0.8035188358538605, 0.8155058232838912
0.8052663481078142, 0.8132598483716501
0.8070035277959569, 0.8110015006009929
0.8087323560448458, 0.8087282789664324
0.8104438257739687, 0.8064522616212995
0.8121566176331614, 0.8041486248241078
0.8138495865836771, 0.8018458859465056
0.815542090531921, 0.799517834150462
0.8172033642964378, 0.7972071747480813
0.8188712015155836, 0.7948615683238874
0.8205164456131439, 0.7925220525568007
0.8221574439238512, 0.7901628241648896
0.8237944479209727, 0.7877833719930193
0.8254104150503334, 0.7854087195736578
0.8270187475109024, 0.783019514525433
0.8286215615756137, 0.780612585030596
0.8302053545532326, 0.7782084588335377
0.8317924891725794, 0.7757732259098928
0.833333341049018, 0.7733837400534648
0.8349218850555372, 0.7708938816049556
0.8364592211814911, 0.7684584074717011
0.8379947270797488, 0.7660000788980079
0.8395266851821777, 0.7635214338785116
0.8410486547024636, 0.7610328875397653
0.842551716898949, 0.7585494142639254
0.8440526354094922, 0.7560435083160282
0.845538570160524, 0.7535367018832592
0.8470160674278341, 0.7510182125564102
0.8484857832316484, 0.7484869969925856
0.8499466347913738, 0.7459450079425454
0.8513976171754557, 0.7433941399722862
0.8528389858753298, 0.7408341127085905
0.8542759123980485, 0.7382557640569665
0.8556958883847687, 0.7356817652724724
0.8571079119573451, 0.7330961321520195
0.8585124340510579, 0.7304981076688194
0.8599092115341406, 0.7278882057959756
0.8612853975197664, 0.7252908677261465
0.8626630097314889, 0.7226647186378322
0.8640297134883633, 0.7200331797636369
0.865384429405041, 0.7173986229779302
0.8667368897487167, 0.7147421671134926
0.8680784799320245, 0.7120807473220822
0.8694129904873509, 0.7094070013006586
0.8707327179888703, 0.706736640522118
0.8720479764236067, 0.704048997751366
0.8733534186068094, 0.7013550558662096
0.8746495767582123, 0.6986539204043457
0.8759390716334332, 0.6959402399723604
0.8772204064895381, 0.6932172418638951
0.8784918972099924, 0.6904886832855279
0.8797561705599911, 0.6877490785723825
0.8810070747192913, 0.6850120244339237
0.8822512567616672, 0.68226323035189
0.8834950116081741, 0.6794886299172649
0.8847201063240606, 0.6767291256050083
0.8859422537179665, 0.6739496365270194
0.8871606959504366, 0.6711517108304567
0.8883578978456707, 0.6683760461846593
0.8895633942691166, 0.6655541999075337
0.8907534065022583, 0.6627416763271119
0.8919383351059851, 0.6599141885433183
0.8931045163460415, 0.6571047534263276
0.8942694140397967, 0.6542715842377003
0.895426941328603, 0.6514293797992563
0.8965781825009528, 0.6485755459568768
0.8977181799696423, 0.6457225796421077
0.8988543035064651, 0.6428521607009632
0.8999784692229419, 0.6399848657076731
0.9011036465273522, 0.6370875898899456
0.902212937798184, 0.6342039654979384
0.9033153541193109, 0.6313109824246581
0.9044102131386228, 0.6284105417121427
0.9054961351564618, 0.625506488393644
0.9065815954694589, 0.622576079269419
0.9076574488346132, 0.6196439513137841
0.9087195485964276, 0.6167218678699412
0.9097812500092877, 0.6137731934483502
0.9108308547216601, 0.6108304646902379
0.9118767650629223, 0.6078703010678751
0.9129162875366001, 0.6049002767215377
0.9139419871745765, 0.6019419958157674
0.9149683177610165, 0.5989538495455654
0.9159799291758377, 0.59598064913798
0.9169948275284251, 0.5929694801222225
0.9179885301425265, 0.5899932660906477
0.9189825203621429, 0.5869880752420799
0.9199676265420625, 0.5839815315798592
0.9209521077813321, 0.5809483574769304
0.9219233128252741, 0.5779276537606064
0.9228863999587043, 0.5749038311073837
0.9238511726330213, 0.5718459024734268
0.9248020454378721, 0.568803319896474
0.9257478871410488, 0.5657480627425698
0.9266876665026814, 0.5626834657727446
0.9276212823615292, 0.5596099146760688
0.9285425819133966, 0.5565480168084482
0.9294631663447025, 0.5534593132586639
0.9303745766033646, 0.550372135710703
0.9312821000195491, 0.5472686754361801
0.9321766069258294, 0.5441804462854322
0.9330676294923208, 0.5410748153084706
0.9339557487446011, 0.5379495327913626
0.9348350491082187, 0.5348254569072183
0.9357061529923189, 0.5317006889768968
0.9365703697482637, 0.5285707505622809
0.9374299947117601, 0.5254273619592099
0.938281669415103, 0.5222828947552836
0.939128020990632, 0.5191277796992776
0.93996772787139, 0.515967005829238
0.9407999487026074, 0.5128039220121269
0.9416279873184483, 0.5096260188521413
0.9424485094178608, 0.5064461438888823
0.9432637366058716, 0.5032558012230739
0.9440695644043993, 0.5000712788636507
0.9448714967424992, 0.4968709726711521
0.9456667039901279, 0.4936661679640722
0.9464525562213489, 0.4904677819774654
0.9472381088037123, 0.4872388938022232
0.9480158540170449, 0.48401020237398185
0.9487832163401885, 0.48079286002935295
0.9495492552520375, 0.47754894352566235
0.9503083493023233, 0.4743021029681327
0.9510576308884685, 0.4710649918240256
0.9518053830197701, 0.4678018653543282
0.9525442794234639, 0.4645446751894887
0.9532776234273118, 0.4612791065362412
0.954004280623526, 0.4580103165689232
0.9547263590025357, 0.4547288621614139
0.9554413107195914, 0.45144639327127767
0.9561531813764528, 0.44814429980430276
0.9568578574546703, 0.4448416315189262
0.9575547006658147, 0.4415416935921888
0.9582436130538791, 0.43824532532042326
0.9589293088853306, 0.4349300062647134
0.9596083612186282, 0.43161224634610895
0.9602836109173047, 0.42827814649615575
0.9609496760061929, 0.4249544622205782
0.9616116130940013, 0.42161616950122555
0.9622681854344713, 0.4182694114399748
0.9629186614550345, 0.4149179805660392
0.9635631657677751, 0.41156134944679146
0.9642020643839726, 0.4081976868691584
0.964834229322017, 0.40483307372196287
0.9654602124551189, 0.4014647681193859
0.9660814927260528, 0.3980848309813282
0.9666980392115865, 0.3946933175865577
0.9673076715428903, 0.3913023083025344
0.967910603363249, 0.38791088625571485
0.9685089620762337, 0.3845071400386132
0.9691018894657089, 0.38109588486746976
0.9696877739041636, 0.37768656642172804
0.9702662645209383, 0.3742816008527413
0.970843704926804, 0.37084342028236644
0.971412743681559, 0.3674156680070756
0.9719766447994528, 0.3639789762389747
0.972532829267864, 0.3605492941334035
0.9730894145462885, 0.35707618806013364
0.9736369997146136, 0.35361807935401285
0.9741740909370613, 0.35018539338797416
0.9747110149334158, 0.34671212028781706
0.9752444529346429, 0.343218890582364
0.975764555721791, 0.33977093127541935
0.9762859599698805, 0.3362713587855763
0.9767981540424951, 0.3327903731632327
0.977303190490813, 0.3293147378931923
0.9778074268354408, 0.3258003315664997
0.9783034201227225, 0.32229879808218204
0.978793902859116, 0.31879124329600117
0.9792799573133141, 0.3152698039886009
0.9797573226576737, 0.3117656785417106
0.9802313052457698, 0.308240095629845
0.9807017733719813, 0.304693448524504
0.9811629165415979, 0.30116984193213525
0.9816215490558242, 0.2976173520133011
0.9820713930591913, 0.2940846804827776
0.9825190925593753, 0.29051965374641664
0.9829599623776294, 0.28695926038087705
0.9833949436109392, 0.2833962047637614
0.983825025321721, 0.2798223592650428
0.984247091199789, 0.2762639810163218
0.9846671615694413, 0.27267013805417173
0.985080638038396, 0.26907972391550494
0.985488799909873, 0.26548180173991914
0.9858903932240256, 0.2618876014365206
0.9862861753879822, 0.25829062757231086
0.9866772281375416, 0.2546809516386885
0.9870632754884882, 0.2510608396714826
0.9874430443188462, 0.2474422811408199
0.9878186601872051, 0.24380486896570847
0.9881873573302263, 0.24017538205120195
0.9885506528488369, 0.23653917899590704
0.9889073660790463, 0.23290830362764436
0.9892597925237936, 0.2292593280062967
0.9896059204613231, 0.2256129428932696
0.9899482177291123, 0.22194286043535724
0.9902829981173964, 0.21828865860183827
0.9906138192420132, 0.21461158035894884
0.9909382290683543, 0.2109386290311717
0.9912566981824794, 0.20726483179456445
0.9915713633835391, 0.20356504268466857
0.9918792925254762, 0.19987349008377187
0.9921813861771266, 0.19617982264453085
0.992478082746772, 0.19247865787220328
0.9927673842738428, 0.1887955007483009
0.993055475003366, 0.1850505287609195
0.9933334167077875, 0.18135996284259717
0.9936098412125187, 0.17760927251548975
0.9938790849635011, 0.1738741079119756
0.9941422116874, 0.17014055621212779
0.9943988399110485, 0.1664146112492336
0.994652096506372, 0.1626500604675702
0.9948983323456047, 0.158900574486384
0.9951391779880709, 0.15514180564853775
0.9953743056493516, 0.1513786271136956
0.9956040955465875, 0.1476046412065652
0.995826466431186, 0.14385482079567347
0.99604706618284, 0.14003224157994779
0.9962588293079476, 0.1362586236839517
0.9964658016392179, 0.1324633039241532
0.9966659822475343, 0.12868295147833397
0.9968622543271919, 0.12486225340682158
0.9970520370174459, 0.12105026175730034
0.9972357314276373, 0.11723967752290561
0.9974141425306872, 0.11341337417918858
0.9975863548989896, 0.10959064340094112
0.997753051509682, 0.10575617236298238
0.9979137828118902, 0.10191983920462953
0.998069251736498, 0.09806393492997637
0.9982183383010054, 0.0942158257268945
0.9983619623288114, 0.09035153899337947
0.998499583032721, 0.08648471587070257
0.9986306953795585, 0.08263049562975143
0.9987566949984354, 0.07874697545674272
0.9988763086016355, 0.07487218676735578
0.9989900445669335, 0.07099005115084218
0.999097714101985, 0.06710659903807975
0.9992004540592165, 0.06317706922872249
0.99929580268246, 0.05929613090417826
0.9993864952546847, 0.05535126154466125
0.9994697988182156, 0.051460628315523164
0.9995474667898739, 0.04754596843517824
0.9996188831116648, 0.04363636665215623
0.9996847770380498, 0.03968779999185153
0.9997441696699989, 0.03575608097410307
0.9997978764754579, 0.03178378779644413
0.9998447903907305, 0.027853315498382197
0.999886210629406, 0.02384989285061801
0.999920484360425, 0.01993777760921913
0.9999491097882073, 0.015950710407383703
0.9999713440721298, 0.011969604349507985
0.9999872268177481, 0.007991513090725832
0.9999967686531367, 0.0040195311299712965
1.0000000000000568, 0.0
