0, 4
0.001, 3.998
0.002, 3.996
0.003, 3.994
0.004, 3.992
0.005, 3.99
0.006, 3.988
0.007, 3.986
0.008, 3.984
0.009, 3.982
0.01, 3.98
0.011, 3.978
0.012, 3.976
0.013, 3.974
0.014, 3.972
0.015, 3.97
0.016, 3.968
0.017, 3.966
0.018, 3.964
0.019, 3.962
0.02, 3.96
0.021, 3.958
0.022, 3.956
0.023, 3.954
0.024, 3.952
0.025, 3.95
0.026, 3.948
0.027, 3.946
0.028, 3.944
0.029, 3.942
0.03, 3.94
0.031, 3.938
0.032, 3.936
0.033, 3.934
0.034, 3.932
0.035, 3.93
0.036, 3.928
0.037, 3.926
0.038, 3.924
0.039, 3.922
0.04, 3.92
0.041, 3.918
0.042, 3.916
0.043, 3.914
0.044, 3.912
0.045, 3.91
0.046, 3.908
0.047, 3.906
0.048, 3.904
0.049, 3.902
0.05, 3.9
0.051, 3.898
0.052, 3.896
0.053, 3.894
0.054, 3.892
0.055, 3.89
0.056, 3.888
0.057, 3.886
0.058, 3.884
0.059, 3.882
0.06, 3.88
0.061, 3.878
0.062, 3.876
0.063, 3.874
0.064, 3.872
0.065, 3.87
0.066, 3.868
0.067, 3.866
0.068, 3.864
0.069, 3.862
0.07, 3.86
0.071, 3.858
0.072, 3.856
0.073, 3.854
0.074, 3.852
0.075, 3.85
0.076, 3.848
0.077, 3.846
0.078, 3.844
0.079, 3.842
0.08, 3.84
0.081, 3.838
0.082, 3.836
0.083, 3.834
0.084, 3.832
0.085, 3.83
0.086, 3.828
0.087, 3.826
0.088, 3.824
0.089, 3.822
0.09, 3.82
0.091, 3.818
0.092, 3.816
0.093, 3.814
0.094, 3.812
0.095, 3.81
0.096, 3.808
0.097, 3.806
0.098, 3.804
0.099, 3.802
0.1, 3.8
0.101, 3.798
0.102, 3.796
0.103, 3.794
0.104, 3.792
0.105, 3.79
0.106, 3.788
0.107, 3.786
0.108, 3.784
0.109, 3.782
0.11, 3.78
0.111, 3.778
0.112, 3.776
0.113, 3.774
0.114, 3.772
0.115, 3.77
0.116, 3.768
0.117, 3.766
0.118, 3.764
0.119, 3.762
0.12, 3.76
0.121, 3.758
0.122, 3.756
0.123, 3.754
0.124, 3.752
0.125, 3.75
0.126, 3.748
0.127, 3.746
0.128, 3.744
0.129, 3.742
0.13, 3.74
0.131, 3.738
0.132, 3.736
0.133, 3.734
0.134, 3.732
0.135, 3.73
0.136, 3.728
0.137, 3.726
0.138, 3.724
0.139, 3.722
0.14, 3.72
0.141, 3.718
0.142, 3.716
0.143, 3.714
0.144, 3.712
0.145, 3.71
0.146, 3.708
0.147, 3.706
0.148, 3.704
0.149, 3.702
0.15, 3.7
0.151, 3.698
0.152, 3.696
0.153, 3.694
0.154, 3.692
0.155, 3.69
0.156, 3.688
0.157, 3.686
0.158, 3.684
0.159, 3.682
0.16, 3.68
0.161, 3.678
0.162, 3.676
0.163, 3.674
0.164, 3.672
0.165, 3.67
0.166, 3.668
0.167, 3.666
0.168, 3.664
0.169, 3.662
0.17, 3.66
0.171, 3.658
0.172, 3.656
0.173, 3.654
0.174, 3.652
0.175, 3.65
0.176, 3.648
0.177, 3.646
0.178, 3.644
0.179, 3.642
0.18, 3.64
0.181, 3.638
0.182, 3.636
0.183, 3.634
0.184, 3.632
0.185, 3.63
0.186, 3.628
0.187, 3.626
0.188, 3.624
0.189, 3.622
0.19, 3.62
0.191, 3.618
0.192, 3.616
0.193, 3.614
0.194, 3.612
0.195, 3.61
0.196, 3.608
0.197, 3.606
0.198, 3.604
0.199, 3.602
0.2, 3.6
0.201, 3.598
0.202, 3.596
0.203, 3.594
0.204, 3.592
0.205, 3.59
0.206, 3.588
0.207, 3.586
0.208, 3.584
0.209, 3.582
0.21, 3.58
0.211, 3.578
0.212, 3.576
0.213, 3.574
0.214, 3.572
0.215, 3.57
0.216, 3.568
0.217, 3.566
0.218, 3.564
0.219, 3.562
0.22, 3.56
0.221, 3.558
0.222, 3.556
0.223, 3.554
0.224, 3.552
0.225, 3.55
0.226, 3.548
0.227, 3.546
0.228, 3.544
0.229, 3.542
0.23, 3.54
0.231, 3.538
0.232, 3.536
0.233, 3.534
0.234, 3.532
0.235, 3.53
0.236, 3.528
0.237, 3.526
0.238, 3.524
0.239, 3.522
0.24, 3.52
0.241, 3.518
0.242, 3.516
0.243, 3.514
0.244, 3.512
0.245, 3.51
0.246, 3.508
0.247, 3.506
0.248, 3.504
0.249, 3.502
0.25, 3.5
0.251, 3.498
0.252, 3.496
0.253, 3.494
0.254, 3.492
0.255, 3.49
0.256, 3.488
0.257, 3.486
0.258, 3.484
0.259, 3.482
0.26, 3.48
0.261, 3.478
0.262, 3.476
0.263, 3.474
0.264, 3.472
0.265, 3.47
0.266, 3.468
0.267, 3.466
0.268, 3.464
0.269, 3.462
0.27, 3.46
0.271, 3.458
0.272, 3.456
0.273, 3.454
0.274, 3.452
0.275, 3.45
0.276, 3.448
0.277, 3.446
0.278, 3.444
0.279, 3.442
0.28, 3.44
0.281, 3.438
0.282, 3.436
0.283, 3.434
0.284, 3.432
0.285, 3.43
0.286, 3.428
0.287, 3.426
0.288, 3.424
0.289, 3.422
0.29, 3.42
0.291, 3.418
0.292, 3.416
0.293, 3.414
0.294, 3.412
0.295, 3.41
0.296, 3.408
0.297, 3.406
0.298, 3.404
0.299, 3.402
0.3, 3.4
0.301, 3.398
0.302, 3.396
0.303, 3.394
0.304, 3.392
0.305, 3.39
0.306, 3.388
0.307, 3.386
0.308, 3.384
0.309, 3.382
0.31, 3.38
0.311, 3.378
0.312, 3.376
0.313, 3.374
0.314, 3.372
0.315, 3.37
0.316, 3.368
0.317, 3.366
0.318, 3.364
0.319, 3.362
0.32, 3.36
0.321, 3.358
0.322, 3.356
0.323, 3.354
0.324, 3.352
0.325, 3.35
0.326, 3.348
0.327, 3.346
0.328, 3.344
0.329, 3.342
0.33, 3.34
0.331, 3.338
0.332, 3.336
0.333, 3.334
0.334, 3.332
0.335, 3.33
0.336, 3.328
0.337, 3.326
0.338, 3.324
0.339, 3.322
0.34, 3.32
0.341, 3.318
0.342, 3.316
0.343, 3.314
0.344, 3.312
0.345, 3.31
0.346, 3.308
0.347, 3.306
0.348, 3.304
0.349, 3.302
0.35, 3.3
0.351, 3.298
0.352, 3.296
0.353, 3.294
0.354, 3.292
0.355, 3.29
0.356, 3.288
0.357, 3.286
0.358, 3.284
0.359, 3.282
0.36, 3.28
0.361, 3.278
0.362, 3.276
0.363, 3.274
0.364, 3.272
0.365, 3.27
0.366, 3.268
0.367, 3.266
0.368, 3.264
0.369, 3.262
0.37, 3.26
0.371, 3.258
0.372, 3.256
0.373, 3.254
0.374, 3.252
0.375, 3.25
0.376, 3.248
0.377, 3.246
0.378, 3.244
0.379, 3.242
0.38, 3.24
0.381, 3.238
0.382, 3.236
0.383, 3.234
0.384, 3.232
0.385, 3.23
0.386, 3.228
0.387, 3.226
0.388, 3.224
0.389, 3.222
0.39, 3.22
0.391, 3.218
0.392, 3.216
0.393, 3.214
0.394, 3.212
0.395, 3.21
0.396, 3.208
0.397, 3.206
0.398, 3.204
0.399, 3.202
0.4, 3.2
0.401, 3.198
0.402, 3.196
0.403, 3.194
0.404, 3.192
0.405, 3.19
0.406, 3.188
0.407, 3.186
0.408, 3.184
0.409, 3.182
0.41, 3.18
0.411, 3.178
0.412, 3.176
0.413, 3.174
0.414, 3.172
0.415, 3.17
0.416, 3.168
0.417, 3.166
0.418, 3.164
0.419, 3.162
0.42, 3.16
0.421, 3.158
0.422, 3.156
0.423, 3.154
0.424, 3.152
0.425, 3.15
0.426, 3.148
0.427, 3.146
0.428, 3.144
0.429, 3.142
0.43, 3.14
0.431, 3.138
0.432, 3.136
0.433, 3.134
0.434, 3.132
0.435, 3.13
0.436, 3.128
0.437, 3.126
0.438, 3.124
0.439, 3.122
0.44, 3.12
0.441, 3.118
0.442, 3.116
0.443, 3.114
0.444, 3.112
0.445, 3.11
0.446, 3.108
0.447, 3.106
0.448, 3.104
0.449, 3.102
0.45, 3.1
0.451, 3.098
0.452, 3.096
0.453, 3.094
0.454, 3.092
0.455, 3.09
0.456, 3.088
0.457, 3.086
0.458, 3.084
0.459, 3.082
0.46, 3.08
0.461, 3.078
0.462, 3.076
0.463, 3.074
0.464, 3.072
0.465, 3.07
0.466, 3.068
0.467, 3.066
0.468, 3.064
0.469, 3.062
0.47, 3.06
0.471, 3.058
0.472, 3.056
0.473, 3.054
0.474, 3.052
0.475, 3.05
0.476, 3.048
0.477, 3.046
0.478, 3.044
0.479, 3.042
0.48, 3.04
0.481, 3.038
0.482, 3.036
0.483, 3.034
0.484, 3.032
0.485, 3.03
0.486, 3.028
0.487, 3.026
0.488, 3.024
0.489, 3.022
0.49, 3.02
0.491, 3.018
0.492, 3.016
0.493, 3.014
0.494, 3.012
0.495, 3.01
0.496, 3.008
0.497, 3.006
0.498, 3.004
0.499, 3.002
0.5, 3
0.501, 2.998
0.502, 2.996
0.503, 2.994
0.504, 2.992
0.505, 2.99
0.506, 2.988
0.507, 2.986
0.508, 2.984
0.509, 2.982
0.51, 2.98
0.511, 2.978
0.512, 2.976
0.513, 2.974
0.514, 2.972
0.515, 2.97
0.516, 2.968
0.517, 2.966
0.518, 2.964
0.519, 2.962
0.52, 2.96
0.521, 2.958
0.522, 2.956
0.523, 2.954
0.524, 2.952
0.525, 2.95
0.526, 2.948
0.527, 2.946
0.528, 2.944
0.529, 2.942
0.53, 2.94
0.531, 2.938
0.532, 2.936
0.533, 2.934
0.534, 2.932
0.535, 2.93
0.536, 2.928
0.537, 2.926
0.538, 2.924
0.539, 2.922
0.54, 2.92
0.541, 2.918
0.542, 2.916
0.543, 2.914
0.544, 2.912
0.545, 2.91
0.546, 2.908
0.547, 2.906
0.548, 2.904
0.549, 2.902
0.55, 2.9
0.551, 2.898
0.552, 2.896
0.553, 2.894
0.554, 2.892
0.555, 2.89
0.556, 2.888
0.557, 2.886
0.558, 2.884
0.559, 2.882
0.56, 2.88
0.561, 2.878
0.562, 2.876
0.563, 2.874
0.564, 2.872
0.565, 2.87
0.566, 2.868
0.567, 2.866
0.568, 2.864
0.569, 2.862
0.57, 2.86
0.571, 2.858
0.572, 2.856
0.573, 2.854
0.574, 2.852
0.575, 2.85
0.576, 2.848
0.577, 2.846
0.578, 2.844
0.579, 2.842
0.58, 2.84
0.581, 2.838
0.582, 2.836
0.583, 2.834
0.584, 2.832
0.585, 2.83
0.586, 2.828
0.587, 2.826
0.588, 2.824
0.589, 2.822
0.59, 2.82
0.591, 2.818
0.592, 2.816
0.593, 2.814
0.594, 2.812
0.595, 2.81
0.596, 2.808
0.597, 2.806
0.598, 2.804
0.599, 2.802
0.6, 2.8
0.601, 2.798
0.602, 2.796
0.603, 2.794
0.604, 2.792
0.605, 2.79
0.606, 2.788
0.607, 2.786
0.608, 2.784
0.609, 2.782
0.61, 2.78
0.611, 2.778
0.612, 2.776
0.613, 2.774
0.614, 2.772
0.615, 2.77
0.616, 2.768
0.617, 2.766
0.618, 2.764
0.619, 2.762
0.62, 2.76
0.621, 2.758
0.622, 2.756
0.623, 2.754
0.624, 2.752
0.625, 2.75
0.626, 2.748
0.627, 2.746
0.628, 2.744
0.629, 2.742
0.63, 2.74
0.631, 2.738
0.632, 2.736
0.633, 2.734
0.634, 2.732
0.635, 2.73
0.636, 2.728
0.637, 2.726
0.638, 2.724
0.639, 2.722
0.64, 2.72
0.641, 2.718
0.642, 2.716
0.643, 2.714
0.644, 2.712
0.645, 2.71
0.646, 2.708
0.647, 2.706
0.648, 2.704
0.649, 2.702
0.65, 2.7
0.651, 2.698
0.652, 2.696
0.653, 2.694
0.654, 2.692
0.655, 2.69
0.656, 2.688
0.657, 2.686
0.658, 2.684
0.659, 2.682
0.66, 2.68
0.661, 2.678
0.662, 2.676
0.663, 2.674
0.664, 2.672
0.665, 2.67
0.666, 2.668
0.667, 2.666
0.668, 2.664
0.669, 2.662
0.67, 2.66
0.671, 2.658
0.672, 2.656
0.673, 2.654
0.674, 2.652
0.675, 2.65
0.676, 2.648
0.677, 2.646
0.678, 2.644
0.679, 2.642
0.68, 2.64
0.681, 2.638
0.682, 2.636
0.683, 2.634
0.684, 2.632
0.685, 2.63
0.686, 2.628
0.687, 2.626
0.688, 2.624
0.689, 2.622
0.69, 2.62
0.691, 2.618
0.692, 2.616
0.693, 2.614
0.694, 2.612
0.695, 2.61
0.696, 2.608
0.697, 2.606
0.698, 2.604
0.699, 2.602
0.7, 2.6
0.701, 2.598
0.702, 2.596
0.703, 2.594
0.704, 2.592
0.705, 2.59
0.706, 2.588
0.707, 2.586
0.708, 2.584
0.709, 2.582
0.71, 2.58
0.711, 2.578
0.712, 2.576
0.713, 2.574
0.714, 2.572
0.715, 2.57
0.716, 2.568
0.717, 2.566
0.718, 2.564
0.719, 2.562
0.72, 2.56
0.721, 2.558
0.722, 2.556
0.723, 2.554
0.724, 2.552
0.725, 2.55
0.726, 2.548
0.727, 2.546
0.728, 2.544
0.729, 2.542
0.73, 2.54
0.731, 2.538
0.732, 2.536
0.733, 2.534
0.734, 2.532
0.735, 2.53
0.736, 2.528
0.737, 2.526
0.738, 2.524
0.739, 2.522
0.74, 2.52
0.741, 2.518
0.742, 2.516
0.743, 2.514
0.744, 2.512
0.745, 2.51
0.746, 2.508
0.747, 2.506
0.748, 2.504
0.749, 2.502
0.75, 2.5
0.751, 2.498
0.752, 2.496
0.753, 2.494
0.754, 2.492
0.755, 2.49
0.756, 2.488
0.757, 2.486
0.758, 2.484
0.759, 2.482
0.76, 2.48
0.761, 2.478
0.762, 2.476
0.763, 2.474
0.764, 2.472
0.765, 2.47
0.766, 2.468
0.767, 2.466
0.768, 2.464
0.769, 2.462
0.77, 2.46
0.771, 2.458
0.772, 2.456
0.773, 2.454
0.774, 2.452
0.775, 2.45
0.776, 2.448
0.777, 2.446
0.778, 2.444
0.779, 2.442
0.78, 2.44
0.781, 2.438
0.782, 2.436
0.783, 2.434
0.784, 2.432
0.785, 2.43
0.786, 2.428
0.787, 2.426
0.788, 2.424
0.789, 2.422
0.79, 2.42
0.791, 2.418
0.792, 2.416
0.793, 2.414
0.794, 2.412
0.795, 2.41
0.796, 2.408
0.797, 2.406
0.798, 2.404
0.799, 2.402
0.8, 2.4
0.801, 2.398
0.802, 2.396
0.803, 2.394
0.804, 2.392
0.805, 2.39
0.806, 2.388
0.807, 2.386
0.808, 2.384
0.809, 2.382
0.81, 2.38
0.811, 2.378
0.812, 2.376
0.813, 2.374
0.814, 2.372
0.815, 2.37
0.816, 2.368
0.817, 2.366
0.818, 2.364
0.819, 2.362
0.82, 2.36
0.821, 2.358
0.822, 2.356
0.823, 2.354
0.824, 2.352
0.825, 2.35
0.826, 2.348
0.827, 2.346
0.828, 2.344
0.829, 2.342
0.83, 2.34
0.831, 2.338
0.832, 2.336
0.833, 2.334
0.834, 2.332
0.835, 2.33
0.836, 2.328
0.837, 2.326
0.838, 2.324
0.839, 2.322
0.84, 2.32
0.841, 2.318
0.842, 2.316
0.843, 2.314
0.844, 2.312
0.845, 2.31
0.846, 2.308
0.847, 2.306
0.848, 2.304
0.849, 2.302
0.85, 2.3
0.851, 2.298
0.852, 2.296
0.853, 2.294
0.854, 2.292
0.855, 2.29
0.856, 2.288
0.857, 2.286
0.858, 2.284
0.859, 2.282
0.86, 2.28
0.861, 2.278
0.862, 2.276
0.863, 2.274
0.864, 2.272
0.865, 2.27
0.866, 2.268
0.867, 2.266
0.868, 2.264
0.869, 2.262
0.87, 2.26
0.871, 2.258
0.872, 2.256
0.873, 2.254
0.874, 2.252
0.875, 2.25
0.876, 2.248
0.877, 2.246
0.878, 2.244
0.879, 2.242
0.88, 2.24
0.881, 2.238
0.882, 2.236
0.883, 2.234
0.884, 2.232
0.885, 2.23
0.886, 2.228
0.887, 2.226
0.888, 2.224
0.889, 2.222
0.89, 2.22
0.891, 2.218
0.892, 2.216
0.893, 2.214
0.894, 2.212
0.895, 2.21
0.896, 2.208
0.897, 2.206
0.898, 2.204
0.899, 2.202
0.9, 2.2
0.901, 2.198
0.902, 2.196
0.903, 2.194
0.904, 2.192
0.905, 2.19
0.906, 2.188
0.907, 2.186
0.908, 2.184
0.909, 2.182
0.91, 2.18
0.911, 2.178
0.912, 2.176
0.913, 2.174
0.914, 2.172
0.915, 2.17
0.916, 2.168
0.917, 2.166
0.918, 2.164
0.919, 2.162
0.92, 2.16
0.921, 2.158
0.922, 2.156
0.923, 2.154
0.924, 2.152
0.925, 2.15
0.926, 2.148
0.927, 2.146
0.928, 2.144
0.929, 2.142
0.93, 2.14
0.931, 2.138
0.932, 2.136
0.933, 2.134
0.934, 2.132
0.935, 2.13
0.936, 2.128
0.937, 2.126
0.938, 2.124
0.939, 2.122
0.94, 2.12
0.941, 2.118
0.942, 2.116
0.943, 2.114
0.944, 2.112
0.945, 2.11
0.946, 2.108
0.947, 2.106
0.948, 2.104
0.949, 2.102
0.95, 2.1
0.951, 2.098
0.952, 2.096
0.953, 2.094
0.954, 2.092
0.955, 2.09
0.956, 2.088
0.957, 2.086
0.958, 2.084
0.959, 2.082
0.96, 2.08
0.961, 2.078
0.962, 2.076
0.963, 2.074
0.964, 2.072
0.965, 2.07
0.966, 2.068
0.967, 2.066
0.968, 2.064
0.969, 2.062
0.97, 2.06
0.971, 2.058
0.972, 2.056
0.973, 2.054
0.974, 2.052
0.975, 2.05
0.976, 2.048
0.977, 2.046
0.978, 2.044
0.979, 2.042
0.98, 2.04
0.981, 2.038
0.982, 2.036
0.983, 2.034
0.984, 2.032
0.985, 2.03
0.986, 2.028
0.987, 2.026
0.988, 2.024
0.989, 2.022
0.99, 2.02
0.991, 2.018
0.992, 2.016
0.993, 2.014
0.994, 2.012
0.995, 2.01
0.996, 2.008
0.997, 2.006
0.998, 2.004
0.999, 2.002
1, 2
1.001, 1.998
1.002, 1.996
1.003, 1.994
1.004, 1.992
1.005, 1.99
1.006, 1.988
1.007, 1.986
1.008, 1.984
1.009, 1.982
1.01, 1.98
1.011, 1.978
1.012, 1.976
1.013, 1.974
1.014, 1.972
1.015, 1.97
1.016, 1.968
1.017, 1.966
1.018, 1.964
1.019, 1.962
1.02, 1.96
1.021, 1.958
1.022, 1.956
1.023, 1.954
1.024, 1.952
1.025, 1.95
1.026, 1.948
1.027, 1.946
1.028, 1.944
1.029, 1.942
1.03, 1.94
1.031, 1.938
1.032, 1.936
1.033, 1.934
1.034, 1.932
1.035, 1.93
1.036, 1.928
1.037, 1.926
1.038, 1.924
1.039, 1.922
1.04, 1.92
1.041, 1.918
1.042, 1.916
1.043, 1.914
1.044, 1.912
1.045, 1.91
1.046, 1.908
1.047, 1.906
1.048, 1.904
1.049, 1.902
1.05, 1.9
1.051, 1.898
1.052, 1.896
1.053, 1.894
1.054, 1.892
1.055, 1.89
1.056, 1.888
1.057, 1.886
1.058, 1.884
1.059, 1.882
1.06, 1.88
1.061, 1.878
1.062, 1.876
1.063, 1.874
1.064, 1.872
1.065, 1.87
1.066, 1.868
1.067, 1.866
1.068, 1.864
1.069, 1.862
1.07, 1.86
1.071, 1.858
1.072, 1.856
1.073, 1.854
1.074, 1.852
1.075, 1.85
1.076, 1.848
1.077, 1.846
1.078, 1.844
1.079, 1.842
1.08, 1.84
1.081, 1.838
1.082, 1.836
1.083, 1.834
1.084, 1.832
1.085, 1.83
1.086, 1.828
1.087, 1.826
1.088, 1.824
1.089, 1.822
1.09, 1.82
1.091, 1.818
1.092, 1.816
1.093, 1.814
1.094, 1.812
1.095, 1.81
1.096, 1.808
1.097, 1.806
1.098, 1.804
1.099, 1.802
1.1, 1.8
1.101, 1.798
1.102, 1.796
1.103, 1.794
1.104, 1.792
1.105, 1.79
1.106, 1.788
1.107, 1.786
1.108, 1.784
1.109, 1.782
1.11, 1.78
1.111, 1.778
1.112, 1.776
1.113, 1.774
1.114, 1.772
1.115, 1.77
1.116, 1.768
1.117, 1.766
1.118, 1.764
1.119, 1.762
1.12, 1.76
1.121, 1.758
1.122, 1.756
1.123, 1.754
1.124, 1.752
1.125, 1.75
1.126, 1.748
1.127, 1.746
1.128, 1.744
1.129, 1.742
1.13, 1.74
1.131, 1.738
1.132, 1.736
1.133, 1.734
1.134, 1.732
1.135, 1.73
1.136, 1.728
1.137, 1.726
1.138, 1.724
1.139, 1.722
1.14, 1.72
1.141, 1.718
1.142, 1.716
1.143, 1.714
1.144, 1.712
1.145, 1.71
1.146, 1.708
1.147, 1.706
1.148, 1.704
1.149, 1.702
1.15, 1.7
1.151, 1.698
1.152, 1.696
1.153, 1.694
1.154, 1.692
1.155, 1.69
1.156, 1.688
1.157, 1.686
1.158, 1.684
1.159, 1.682
1.16, 1.68
1.161, 1.678
1.162, 1.676
1.163, 1.674
1.164, 1.672
1.165, 1.67
1.166, 1.668
1.167, 1.666
1.168, 1.664
1.169, 1.662
1.17, 1.66
1.171, 1.658
1.172, 1.656
1.173, 1.654
1.174, 1.652
1.175, 1.65
1.176, 1.648
1.177, 1.646
1.178, 1.644
1.179, 1.642
1.18, 1.64
1.181, 1.638
1.182, 1.636
1.183, 1.634
1.184, 1.632
1.185, 1.63
1.186, 1.628
1.187, 1.626
1.188, 1.624
1.189, 1.622
1.19, 1.62
1.191, 1.618
1.192, 1.616
1.193, 1.614
1.194, 1.612
1.195, 1.61
1.196, 1.608
1.197, 1.606
1.198, 1.604
1.199, 1.602
1.2, 1.6
1.201, 1.598
1.202, 1.596
1.203, 1.594
1.204, 1.592
1.205, 1.59
1.206, 1.588
1.207, 1.586
1.208, 1.584
1.209, 1.582
1.21, 1.58
1.211, 1.578
1.212, 1.576
1.213, 1.574
1.214, 1.572
1.215, 1.57
1.216, 1.568
1.217, 1.566
1.218, 1.564
1.219, 1.562
1.22, 1.56
1.221, 1.558
1.222, 1.556
1.223, 1.554
1.224, 1.552
1.225, 1.55
1.226, 1.548
1.227, 1.546
1.228, 1.544
1.229, 1.542
1.23, 1.54
1.231, 1.538
1.232, 1.536
1.233, 1.534
1.234, 1.532
1.235, 1.53
1.236, 1.528
1.237, 1.526
1.238, 1.524
1.239, 1.522
1.24, 1.52
1.241, 1.518
1.242, 1.516
1.243, 1.514
1.244, 1.512
1.245, 1.51
1.246, 1.508
1.247, 1.506
1.248, 1.504
1.249, 1.502
1.25, 1.5
1.251, 1.498
1.252, 1.496
1.253, 1.494
1.254, 1.492
1.255, 1.49
1.256, 1.488
1.257, 1.486
1.258, 1.484
1.259, 1.482
1.26, 1.48
1.261, 1.478
1.262, 1.476
1.263, 1.474
1.264, 1.472
1.265, 1.47
1.266, 1.468
1.267, 1.466
1.268, 1.464
1.269, 1.462
1.27, 1.46
1.271, 1.458
1.272, 1.456
1.273, 1.454
1.274, 1.452
1.275, 1.45
1.276, 1.448
1.277, 1.446
1.278, 1.444
1.279, 1.442
1.28, 1.44
1.281, 1.438
1.282, 1.436
1.283, 1.434
1.284, 1.432
1.285, 1.43
1.286, 1.428
1.287, 1.426
1.288, 1.424
1.289, 1.422
1.29, 1.42
1.291, 1.418
1.292, 1.416
1.293, 1.414
1.294, 1.412
1.295, 1.41
1.296, 1.408
1.297, 1.406
1.298, 1.404
1.299, 1.402
1.3, 1.4
1.301, 1.398
1.302, 1.396
1.303, 1.394
1.304, 1.392
1.305, 1.39
1.306, 1.388
1.307, 1.386
1.308, 1.384
1.309, 1.382
1.31, 1.38
1.311, 1.378
1.312, 1.376
1.313, 1.374
1.314, 1.372
1.315, 1.37
1.316, 1.368
1.317, 1.366
1.318, 1.364
1.319, 1.362
1.32, 1.36
1.321, 1.358
1.322, 1.356
1.323, 1.354
1.324, 1.352
1.325, 1.35
1.326, 1.348
1.327, 1.346
1.328, 1.344
1.329, 1.342
1.33, 1.34
1.331, 1.338
1.332, 1.336
1.333, 1.334
1.334, 1.332
1.335, 1.33
1.336, 1.328
1.337, 1.326
1.338, 1.324
1.339, 1.322
1.34, 1.32
1.341, 1.318
1.342, 1.316
1.343, 1.314
1.344, 1.312
1.345, 1.31
1.346, 1.308
1.347, 1.306
1.348, 1.304
1.349, 1.302
1.35, 1.3
1.351, 1.298
1.352, 1.296
1.353, 1.294
1.354, 1.292
1.355, 1.29
1.356, 1.288
1.357, 1.286
1.358, 1.284
1.359, 1.282
1.36, 1.28
1.361, 1.278
1.362, 1.276
1.363, 1.274
1.364, 1.272
1.365, 1.27
1.366, 1.268
1.367, 1.266
1.368, 1.264
1.369, 1.262
1.37, 1.26
1.371, 1.258
1.372, 1.256
1.373, 1.254
1.374, 1.252
1.375, 1.25
1.376, 1.248
1.377, 1.246
1.378, 1.244
1.379, 1.242
1.38, 1.24
1.381, 1.238
1.382, 1.236
1.383, 1.234
1.384, 1.232
1.385, 1.23
1.386, 1.228
1.387, 1.226
1.388, 1.224
1.389, 1.222
1.39, 1.22
1.391, 1.218
1.392, 1.216
1.393, 1.214
1.394, 1.212
1.395, 1.21
1.396, 1.208
1.397, 1.206
1.398, 1.204
1.399, 1.202
1.4, 1.2
1.401, 1.198
1.402, 1.196
1.403, 1.194
1.404, 1.192
1.405, 1.19
1.406, 1.188
1.407, 1.186
1.408, 1.184
1.409, 1.182
1.41, 1.18
1.411, 1.178
1.412, 1.176
1.413, 1.174
1.414, 1.172
1.415, 1.17
1.416, 1.168
1.417, 1.166
1.418, 1.164
1.419, 1.162
1.42, 1.16
1.421, 1.158
1.422, 1.156
1.423, 1.154
1.424, 1.152
1.425, 1.15
1.426, 1.148
1.427, 1.146
1.428, 1.144
1.429, 1.142
1.43, 1.14
1.431, 1.138
1.432, 1.136
1.433, 1.134
1.434, 1.132
1.435, 1.13
1.436, 1.128
1.437, 1.126
1.438, 1.124
1.439, 1.122
1.44, 1.12
1.441, 1.118
1.442, 1.116
1.443, 1.114
1.444, 1.112
1.445, 1.11
1.446, 1.108
1.447, 1.106
1.448, 1.104
1.449, 1.102
1.45, 1.1
1.451, 1.098
1.452, 1.096
1.453, 1.094
1.454, 1.092
1.455, 1.09
1.456, 1.088
1.457, 1.086
1.458, 1.084
1.459, 1.082
1.46, 1.08
1.461, 1.078
1.462, 1.076
1.463, 1.074
1.464, 1.072
1.465, 1.07
1.466, 1.068
1.467, 1.066
1.468, 1.064
1.469, 1.062
1.47, 1.06
1.471, 1.058
1.472, 1.056
1.473, 1.054
1.474, 1.052
1.475, 1.05
1.476, 1.048
1.477, 1.046
1.478, 1.044
1.479, 1.042
1.48, 1.04
1.481, 1.038
1.482, 1.036
1.483, 1.034
1.484, 1.032
1.485, 1.03
1.486, 1.028
1.487, 1.026
1.488, 1.024
1.489, 1.022
1.49, 1.02
1.491, 1.018
1.492, 1.016
1.493, 1.014
1.494, 1.012
1.495, 1.01
1.496, 1.008
1.497, 1.006
1.498, 1.004
1.499, 1.002
1.5, 1
1.501, 0.998
1.502, 0.996
1.503, 0.994
1.504, 0.992
1.505, 0.99
1.506, 0.988
1.507, 0.986
1.508, 0.984
1.509, 0.982
1.51, 0.98
1.511, 0.978
1.512, 0.976
1.513, 0.974
1.514, 0.972
1.515, 0.97
1.516, 0.968
1.517, 0.966
1.518, 0.964
1.519, 0.962
1.52, 0.96
1.521, 0.958
1.522, 0.956
1.523, 0.954
1.524, 0.952
1.525, 0.95
1.526, 0.948
1.527, 0.946
1.528, 0.944
1.529, 0.942
1.53, 0.94
1.531, 0.938
1.532, 0.936
1.533, 0.934
1.534, 0.932
1.535, 0.93
1.536, 0.928
1.537, 0.926
1.538, 0.924
1.539, 0.922
1.54, 0.92
1.541, 0.918
1.542, 0.916
1.543, 0.914
1.544, 0.912
1.545, 0.91
1.546, 0.908
1.547, 0.906
1.548, 0.904
1.549, 0.902
1.55, 0.9
1.551, 0.898
1.552, 0.896
1.553, 0.894
1.554, 0.892
1.555, 0.89
1.556, 0.888
1.557, 0.886
1.558, 0.884
1.559, 0.882
1.56, 0.88
1.561, 0.878
1.562, 0.876
1.563, 0.874
1.564, 0.872
1.565, 0.87
1.566, 0.868
1.567, 0.866
1.568, 0.864
1.569, 0.862
1.57, 0.86
1.571, 0.858
1.572, 0.856
1.573, 0.854
1.574, 0.852
1.575, 0.85
1.576, 0.848
1.577, 0.846
1.578, 0.844
1.579, 0.842
1.58, 0.84
1.581, 0.838
1.582, 0.836
1.583, 0.834
1.584, 0.832
1.585, 0.83
1.586, 0.828
1.587, 0.826
1.588, 0.824
1.589, 0.822
1.59, 0.82
1.591, 0.818
1.592, 0.816
1.593, 0.814
1.594, 0.812
1.595, 0.81
1.596, 0.808
1.597, 0.806
1.598, 0.804
1.599, 0.802
1.6, 0.8
1.601, 0.798
1.602, 0.796
1.603, 0.794
1.604, 0.792
1.605, 0.79
1.606, 0.788
1.607, 0.786
1.608, 0.784
1.609, 0.782
1.61, 0.78
1.611, 0.778
1.612, 0.776
1.613, 0.774
1.614, 0.772
1.615, 0.77
1.616, 0.768
1.617, 0.766
1.618, 0.764
1.619, 0.762
1.62, 0.76
1.621, 0.758
1.622, 0.756
1.623, 0.754
1.624, 0.752
1.625, 0.75
1.626, 0.748
1.627, 0.746
1.628, 0.744
1.629, 0.742
1.63, 0.74
1.631, 0.738
1.632, 0.736
1.633, 0.734
1.634, 0.732
1.635, 0.73
1.636, 0.728
1.637, 0.726
1.638, 0.724
1.639, 0.722
1.64, 0.72
1.641, 0.718
1.642, 0.716
1.643, 0.714
1.644, 0.712
1.645, 0.71
1.646, 0.708
1.647, 0.706
1.648, 0.704
1.649, 0.702
1.65, 0.7
1.651, 0.698
1.652, 0.696
1.653, 0.694
1.654, 0.692
1.655, 0.69
1.656, 0.688
1.657, 0.686
1.658, 0.684
1.659, 0.682
1.66, 0.68
1.661, 0.678
1.662, 0.676
1.663, 0.674
1.664, 0.672
1.665, 0.67
1.666, 0.668
1.667, 0.666
1.668, 0.664
1.669, 0.662
1.67, 0.66
1.671, 0.658
1.672, 0.656
1.673, 0.654
1.674, 0.652
1.675, 0.65
1.676, 0.648
1.677, 0.646
1.678, 0.644
1.679, 0.642
1.68, 0.64
1.681, 0.638
1.682, 0.636
1.683, 0.634
1.684, 0.632
1.685, 0.63
1.686, 0.628
1.687, 0.626
1.688, 0.624
1.689, 0.622
1.69, 0.62
1.691, 0.618
1.692, 0.616
1.693, 0.614
1.694, 0.612
1.695, 0.61
1.696, 0.608
1.697, 0.606
1.698, 0.604
1.699, 0.602
1.7, 0.6
1.701, 0.598
1.702, 0.596
1.703, 0.594
1.704, 0.592
1.705, 0.59
1.706, 0.588
1.707, 0.586
1.708, 0.584
1.709, 0.582
1.71, 0.58
1.711, 0.578
1.712, 0.576
1.713, 0.574
1.714, 0.572
1.715, 0.57
1.716, 0.568
1.717, 0.566
1.718, 0.564
1.719, 0.562
1.72, 0.56
1.721, 0.558
1.722, 0.556
1.723, 0.554
1.724, 0.552
1.725, 0.55
1.726, 0.548
1.727, 0.546
1.728, 0.544
1.729, 0.542
1.73, 0.54
1.731, 0.538
1.732, 0.536
1.733, 0.534
1.734, 0.532
1.735, 0.53
1.736, 0.528
1.737, 0.526
1.738, 0.524
1.739, 0.522
1.74, 0.52
1.741, 0.518
1.742, 0.516
1.743, 0.514
1.744, 0.512
1.745, 0.51
1.746, 0.508
1.747, 0.506
1.748, 0.504
1.749, 0.502
1.75, 0.5
1.751, 0.498
1.752, 0.496
1.753, 0.494
1.754, 0.492
1.755, 0.49
1.756, 0.488
1.757, 0.486
1.758, 0.484
1.759, 0.482
1.76, 0.48
1.761, 0.478
1.762, 0.476
1.763, 0.474
1.764, 0.472
1.765, 0.47
1.766, 0.468
1.767, 0.466
1.768, 0.464
1.769, 0.462
1.77, 0.46
1.771, 0.458
1.772, 0.456
1.773, 0.454
1.774, 0.452
1.775, 0.45
1.776, 0.448
1.777, 0.446
1.778, 0.444
1.779, 0.442
1.78, 0.44
1.781, 0.438
1.782, 0.436
1.783, 0.434
1.784, 0.432
1.785, 0.43
1.786, 0.428
1.787, 0.426
1.788, 0.424
1.789, 0.422
1.79, 0.42
1.791, 0.418
1.792, 0.416
1.793, 0.414
1.794, 0.412
1.795, 0.41
1.796, 0.408
1.797, 0.406
1.798, 0.404
1.799, 0.402
1.8, 0.4
1.801, 0.398
1.802, 0.396
1.803, 0.394
1.804, 0.392
1.805, 0.39
1.806, 0.388
1.807, 0.386
1.808, 0.384
1.809, 0.382
1.81, 0.38
1.811, 0.378
1.812, 0.376
1.813, 0.374
1.814, 0.372
1.815, 0.37
1.816, 0.368
1.817, 0.366
1.818, 0.364
1.819, 0.362
1.82, 0.36
1.821, 0.358
1.822, 0.356
1.823, 0.354
1.824, 0.352
1.825, 0.35
1.826, 0.348
1.827, 0.346
1.828, 0.344
1.829, 0.342
1.83, 0.34
1.831, 0.338
1.832, 0.336
1.833, 0.334
1.834, 0.332
1.835, 0.33
1.836, 0.328
1.837, 0.326
1.838, 0.324
1.839, 0.322
1.84, 0.32
1.841, 0.318
1.842, 0.316
1.843, 0.314
1.844, 0.312
1.845, 0.31
1.846, 0.308
1.847, 0.306
1.848, 0.304
1.849, 0.302
1.85, 0.3
1.851, 0.298
1.852, 0.296
1.853, 0.294
1.854, 0.292
1.855, 0.29
1.856, 0.288
1.857, 0.286
1.858, 0.284
1.859, 0.282
1.86, 0.28
1.861, 0.278
1.862, 0.276
1.863, 0.274
1.864, 0.272
1.865, 0.27
1.866, 0.268
1.867, 0.266
1.868, 0.264
1.869, 0.262
1.87, 0.26
1.871, 0.258
1.872, 0.256
1.873, 0.254
1.874, 0.252
1.875, 0.25
1.876, 0.248
1.877, 0.246
1.878, 0.244
1.879, 0.242
1.88, 0.24
1.881, 0.238
1.882, 0.236
1.883, 0.234
1.884, 0.232
1.885, 0.23
1.886, 0.228
1.887, 0.226
1.888, 0.224
1.889, 0.222
1.89, 0.22
1.891, 0.218
1.892, 0.216
1.893, 0.214
1.894, 0.212
1.895, 0.21
1.896, 0.208
1.897, 0.206
1.898, 0.204
1.899, 0.202
1.9, 0.2
1.901, 0.198
1.902, 0.196
1.903, 0.194
1.904, 0.192
1.905, 0.19
1.906, 0.188
1.907, 0.186
1.908, 0.184
1.909, 0.182
1.91, 0.18
1.911, 0.178
1.912, 0.176
1.913, 0.174
1.914, 0.172
1.915, 0.17
1.916, 0.168
1.917, 0.166
1.918, 0.164
1.919, 0.162
1.92, 0.16
1.921, 0.158
1.922, 0.156
1.923, 0.154
1.924, 0.152
1.925, 0.15
1.926, 0.148
1.927, 0.146
1.928, 0.144
1.929, 0.142
1.93, 0.14
1.931, 0.138
1.932, 0.136
1.933, 0.134
1.934, 0.132
1.935, 0.13
1.936, 0.128
1.937, 0.126
1.938, 0.124
1.939, 0.122
1.94, 0.12
1.941, 0.118
1.942, 0.116
1.943, 0.114
1.944, 0.112
1.945, 0.11
1.946, 0.108
1.947, 0.106
1.948, 0.104
1.949, 0.102
1.95, 0.1
1.951, 0.098
1.952, 0.096
1.953, 0.094
1.954, 0.092
1.955, 0.09
1.956, 0.088
1.957, 0.086
1.958, 0.084
1.959, 0.082
1.96, 0.08
1.961, 0.078
1.962, 0.076
1.963, 0.074
1.964, 0.072
1.965, 0.07
1.966, 0.068
1.967, 0.066
1.968, 0.064
1.969, 0.062
1.97, 0.06
1.971, 0.058
1.972, 0.056
1.973, 0.054
1.974, 0.052
1.975, 0.05
1.976, 0.048
1.977, 0.046
1.978, 0.044
1.979, 0.042
1.98, 0.04
1.981, 0.038
1.982, 0.036
1.983, 0.034
1.984, 0.032
1.985, 0.03
1.986, 0.028
1.987, 0.026
1.988, 0.024
1.989, 0.022
1.99, 0.02
1.991, 0.018
1.992, 0.016
1.993, 0.014
1.994, 0.012
1.995, 0.01
1.996, 0.008
1.997, 0.006
1.998, 0.004
1.999, 0.002
2, 0
