9.843305293779996E-16, 0.9999999758717638
4.126587893133263E-5, 0.9935761504060964
1.7157556035429788E-4, 0.9869013146710248
3.8181602035282543E-4, 0.9804598922130485
6.728469671930873E-4, 0.9740607114327866
0.0010364734439939072, 0.9678056982842774
0.001490716074312976, 0.9613902077765003
0.001988437804617788, 0.9554080974889926
0.002571866158438789, 0.94928643179493
0.0032092288622152243, 0.9433499449543933
0.003920889660303323, 0.9373829924140997
0.0047033126410303185, 0.9314193014070533
0.005536934691851965, 0.9255894223642276
0.006427359027969495, 0.9198291889901506
0.007373927200199526, 0.9141284271299617
0.008380332850745626, 0.9084558431661517
0.009440405232589016, 0.9028382533361758
0.010545191387987053, 0.8973102181447297
0.011710444568429526, 0.891785197725874
0.012929885877461633, 0.8862903440933706
0.014178194196809726, 0.8809277885760631
0.01548467637741674, 0.8755625614506726
0.01684321137299649, 0.8702186030658299
0.018232114424669432, 0.8649736532138874
0.01966691235162532, 0.8597612331443882
0.02114191974639641, 0.8545973889013366
0.02268393161854243, 0.8493881427677039
0.024238054287389177, 0.844314247699314
0.02583667447678503, 0.8392620982917899
0.027475791909563826, 0.8342417670772398
0.0291586482903499, 0.8292409650275009
0.030870901403188378, 0.824298859868643
0.03261270464646629, 0.8194101250027751
0.03443055332839064, 0.8144452827287556
0.036239154233136325, 0.8096341610134872
0.03808774220933947, 0.8048391905008169
0.03997696369676823, 0.8000576033272595
0.041908485311013516, 0.7952843828614844
0.04384943697461799, 0.7905974306733636
0.04582629211143563, 0.7859292373886566
0.04785324551257675, 0.7812461598073868
0.04989779037996944, 0.7766218673293971
0.051973022171537354, 0.7720240780624439
0.05409457465869183, 0.7674175997459552
0.05620843466682962, 0.7629168275667093
0.05835862330211598, 0.7584247095512879
0.06052349811684161, 0.7539847706125339
0.06275186441521491, 0.7494967805410623
0.0650006816423519, 0.7450476877666447
0.06725175963180632, 0.7406705593879283
0.06957390895314959, 0.736231342432681
0.07187131801763301, 0.7319117353249622
0.07420284257698635, 0.7275980269999238
0.07657633595890072, 0.7232757148680334
0.07895960375920213, 0.7190024860964083
0.08133882785094143, 0.7148003785570072
0.0837757090460441, 0.710559662439536
0.08625015892789492, 0.7063162269573958
0.08875306215064138, 0.7020854865905265
0.09125560044816855, 0.6979145824439756
0.09374922172345808, 0.6938150532252064
0.0962906170521932, 0.6896927192432397
0.09885737862952332, 0.6855840694985065
0.10144153455017935, 0.6815011447387416
0.10404633764946712, 0.6774378547758851
0.1066713235125254, 0.6733942547586281
0.10929112109924803, 0.6694079261244369
0.11199162611247711, 0.6653485038030054
0.11466519629344052, 0.6613775028755926
0.11736766966603923, 0.6574103500648243
0.12007559660709749, 0.653480744623819
0.12283396375512191, 0.64952323573122
0.12556792890369994, 0.6456443481076986
0.1283729021667523, 0.6417083590877707
0.13114227719002797, 0.6378642836219995
0.13394745707354588, 0.6340116749937067
0.13675157435854246, 0.6302006301868515
0.13963027956837604, 0.6263286506430845
0.14247158386223086, 0.6225459190394765
0.14534554660628962, 0.6187578906779079
0.148243204987564, 0.6149764003810129
0.15111705490323654, 0.6112622288969644
0.15408137906493297, 0.607467990425874
0.15701244873418135, 0.603752037161054
0.15996589602373518, 0.6000426354131041
0.1629788260797042, 0.5962936440330244
0.16593433641816724, 0.592649620921121
0.16891670268596629, 0.5890052295280099
0.1719317585688002, 0.5853534537221974
0.1750283708787045, 0.5816360786930147
0.17802498297568148, 0.5780699319242744
0.18108142121972168, 0.5744633729389028
0.18418567288066345, 0.5708314185598737
0.18725134264508397, 0.5672745227480096
0.19032166333447198, 0.5637412899450936
0.1934295972412317, 0.560193685322588
0.19657803934410523, 0.5566287822966465
0.19970586011853741, 0.5531153847332578
0.20286923619823719, 0.5495899298318331
0.20607336619509595, 0.546046957819378
0.20921180580584775, 0.5426032335617067
0.21243319932952653, 0.5390952491300256
0.21560266352349666, 0.535669661708548
0.21882218690164984, 0.5322156645988942
0.22204179300163532, 0.5287868945703901
0.22529744244833613, 0.5253449237774991
0.22857964435233838, 0.5218999641264542
0.2318092337614474, 0.518534291453998
0.23507596744333578, 0.5151536662299387
0.238370298666601, 0.51176819253293
0.24166048686613886, 0.5084102492026038
0.24497140280621424, 0.5050541442547204
0.2483164212945737, 0.5016864273374607
0.251656617744089, 0.49834611824907765
0.25501222296359194, 0.4950126510876061
0.2583380606900844, 0.4917303303835043
0.26168127873771313, 0.4884520760543098
0.2650960572758126, 0.4851252028516625
0.26844864954762915, 0.481879697750416
0.2718620052867021, 0.478596126192871
0.27530017317671907, 0.47530945542823266
0.2786895736459848, 0.4720894265002503
0.282154954813118, 0.46881740329231153
0.28554311565221435, 0.4656376836352999
0.28900992464950903, 0.4624035682085456
0.29246711030244044, 0.4591977163769105
0.29593214878400664, 0.4560035417397841
0.29942487031546583, 0.4528027151274524
0.3029177963040885, 0.44962033299968446
0.3064061874236259, 0.4464603750184325
0.309921622838453, 0.44329398416056043
0.31345611705569665, 0.4401284827582127
0.31696081633932116, 0.43700726839468546
0.3205277554651904, 0.43384829366932215
0.32403251620903484, 0.43076146180717967
0.32760155095401544, 0.4276351259489892
0.3311974339692747, 0.4245024475187778
0.33472617030173835, 0.4214447564210507
0.33828414037361054, 0.4183780133685933
0.34189785726438904, 0.4152796783714125
0.34550272440377033, 0.4122052060214748
0.34911300227538045, 0.4091421490629121
0.35270574504936436, 0.40610965269639576
0.356363832146236, 0.40303783378310093
0.35997858337368854, 0.4000178496296598
0.3636180318215183, 0.3969925144260453
0.3672608490803194, 0.39397949818239597
0.3709120409494019, 0.39097451931207555
0.3745893874195425, 0.38796292129621646
0.37827120079543786, 0.3849624404710177
0.38194153120734275, 0.3819858246181998
0.38559675635277546, 0.37903563078233676
0.38933555190172187, 0.37603241153403927
0.39303302147198327, 0.37307654289906095
0.3967586509826443, 0.37011219267230744
0.40047474281232875, 0.3671692625656011
0.4042063110194479, 0.36422778407715856
0.4079253209816101, 0.3613096838271696
0.4116789192762358, 0.3583779009249217
0.41542424759462887, 0.3554658754009672
0.41918564014056103, 0.3525545349360792
0.4229707937237156, 0.34963795578804385
0.426721133690639, 0.3467610442614809
0.4304860385908942, 0.3438856531954768
0.43429014816610995, 0.3409930701351684
0.4380892858305465, 0.33811687470306334
0.44186992382523194, 0.3352670294524287
0.4456620858983918, 0.33242072944157336
0.4495131564452627, 0.3295425840299545
0.4533349936253386, 0.3266984379796471
0.4572315735180251, 0.32381099330128515
0.46099479135937, 0.32103403201177866
0.46483935905645757, 0.3182087131760231
0.4686984991653964, 0.3153844152357595
0.47256595526212486, 0.3125656722267849
0.47640421848605624, 0.3097795874968669
0.4802996992366107, 0.30696342163107476
0.4841493362297692, 0.3041915955294511
0.48803552793716887, 0.3014046049569516
0.4919504096665828, 0.29860823610777726
0.4958043751272737, 0.29586622385224437
0.49972333421337467, 0.2930888794225041
0.5036664816788268, 0.2903053603554716
0.5075461971518194, 0.28757723440685656
0.5114679224310641, 0.28483014444958255
0.5153979915965253, 0.28208775599660435
0.5193360222475394, 0.279350287590294
0.5232610015168125, 0.27663218647461896
0.5272015922428345, 0.2739135124167137
0.5311633422006223, 0.2711904654622047
0.5351196682086222, 0.2684812601916036
0.539064388275526, 0.2657899578604669
0.5429961376790147, 0.26311728746718854
0.5469989939759982, 0.26040619667724085
0.5509932663498511, 0.2577107933918323
0.5550257464690657, 0.25499950436207874
0.5589863837758111, 0.25234608123541685
0.5629695203197466, 0.24968705284877077
0.5669987382587939, 0.24700681624628493
0.5709841825800838, 0.24436505105717743
0.5750005171435826, 0.24171211736715303
0.5790351465655545, 0.23905641244150305
0.5830645121136899, 0.2364133898659983
0.5870658267474361, 0.23379779591525335
0.5911432980923683, 0.23114156196501212
0.5951332186467265, 0.22855122169475797
0.5991966567813575, 0.22592206410180057
0.60328077887946, 0.22328848448249689
0.6073125505324775, 0.22069739673521438
0.6113648597938103, 0.2181017608444726
0.6154684115602508, 0.2154820516617967
0.6195588387850118, 0.2128794001944531
0.6236230602383964, 0.21030192025895264
0.6276880651350631, 0.2077323277515939
0.6317766542729001, 0.20515620979025262
0.6358545133461911, 0.2025951391335402
0.6399896550189224, 0.2000064661105674
0.644037621286871, 0.19748047442301844
0.6482009951945867, 0.19489069389483504
0.6523392466085354, 0.19232478936285385
0.6564357816916053, 0.1897927544711088
0.6605574855416837, 0.1872531234730878
0.6647097408606547, 0.1847026704122964
0.6688202538668309, 0.1821856865295316
0.6729749380165142, 0.17964950368512642
0.6770610861294897, 0.1771627827679023
0.6812868647784983, 0.17459896749774734
0.6854216001082715, 0.1720980738709949
0.6895730662239903, 0.16959464232332386
0.693702849576867, 0.16711174313569924
0.6979246115471505, 0.16458117745892864
0.702105083397798, 0.1620828919609319
0.7062728323185539, 0.15959960181634297
0.7104464541768774, 0.15712015204182783
0.7146331111268628, 0.15464027355694346
0.7188133659832461, 0.15217138258904755
0.7230276286612247, 0.1496896869061836
0.7272645363856494, 0.14720193835135587
0.7314159722924938, 0.144771391834591
0.7356268389390017, 0.14231308815120444
0.7398897735457559, 0.13983154525836428
0.7440460710066902, 0.13741894921895
0.7483148273346034, 0.1349480797237487
0.7524988243553892, 0.13253309957410989
0.7567302479983489, 0.13009756459427352
0.760964224315153, 0.12766736617393332
0.7651423272779678, 0.12527585784928338
0.7694700149447903, 0.12280560049102496
0.7737365305475168, 0.12037705471211113
0.777984623026643, 0.11796563438669251
0.7822453726167253, 0.11555363607117926
0.7864911990481765, 0.11315662901186288
0.7907746292707591, 0.11074492729589117
0.7950069966019117, 0.10836835319147474
0.7992612674937477, 0.10598586857082205
0.8036056664326565, 0.10355944826478249
0.807860935665257, 0.1011891568557438
0.8121310112785982, 0.09881688294676966
0.8164043556541916, 0.09644903020784444
0.8207239589028108, 0.0940618354878418
0.8250390736799128, 0.0916833855252709
0.8293354894332571, 0.08932142205628744
0.8336122013686283, 0.08697634572583245
0.8379146207870496, 0.08462323624689592
0.8422350320831768, 0.08226637269866349
0.8465778213094445, 0.07990336365219566
0.8508683565771646, 0.07757475128734548
0.8552041651781768, 0.07522751617608432
0.8595626010385249, 0.07287402171058796
0.8638713409349582, 0.07055321388871216
0.8681699721866218, 0.06824360969485971
0.8725450068754602, 0.0658988243019674
0.8768956248950768, 0.0635729477275572
0.8812494754447259, 0.06125111227335851
0.8856049663562676, 0.05893413361105319
0.8899509167230303, 0.05662791442291747
0.8942862968432869, 0.054332882730477434
0.8986873064277047, 0.05200880495172537
0.9030095662064064, 0.04973185377397262
0.9074636333593926, 0.047391143727147464
0.9117908985216691, 0.04512257519253254
0.9161619056874627, 0.04283653226215059
0.9205631050041216, 0.04054020334979834
0.9249294846629633, 0.0382674640688043
0.9292715913724632, 0.03601266373913154
0.9337770398798066, 0.033678604927877054
0.9381086367799584, 0.03143991596805016
0.9425628108964311, 0.029143261158004863
0.9468740374919615, 0.026925472438624823
0.9513178359169981, 0.02464476578660522
0.9557937392658518, 0.022352958171631264
0.960118825270527, 0.020143467258971908
0.9645506729874764, 0.01788459838859622
0.9689774825255292, 0.015633461557809352
0.9733914825233994, 0.013393958375981604
0.9778275333271946, 0.011148377338430744
0.9822477884126137, 0.00891585273961294
0.9866661227487411, 0.006689312716797195
0.9911162196578522, 0.004451801913411856
0.9955567143875045, 0.0022241215488354223
0.9999999811028665, 2.752678617985446E-8
