0.5, 0.5, 4.0
0.4856429311786321, 0.53, 3.885143449429057
0.47245559126153397, 0.56, 3.7796447300922718
0.44901325506693723, 0.62, 3.592106040535498
0.4385290096535146, 0.65, 3.508232077228117
0.4195906791483446, 0.71, 3.3567254331867566
0.4029114820126901, 0.77, 3.223291856101521
0.3880752628531664, 0.83, 3.1046021028253312
0.37476584449793077, 0.89, 2.998126755983446
0.36273812505500586, 0.95, 2.901905000440047
0.3466876226407682, 1.04, 2.7735009811261455
0.337099931231621, 1.1, 2.696799449852968
0.3241018617760822, 1.19, 2.5928148942086575
0.3125, 1.28, 2.5
0.3020610466650885, 1.37, 2.416488373320708
0.28964222318174615, 1.49, 2.317137785453969
0.281271975231506, 1.58, 2.250175801852048
0.2735878275822914, 1.67, 2.188702620658331
0.264258211290845, 1.79, 2.11406569032676
0.2578553115646984, 1.88, 2.062842492517587
0.25, 2.0, 2.0
0.2578553115646984, 2.062842492517587, 1.88
0.264258211290845, 2.11406569032676, 1.79
0.2735878275822914, 2.188702620658331, 1.67
0.281271975231506, 2.250175801852048, 1.58
0.28964222318174615, 2.317137785453969, 1.49
0.3020610466650885, 2.416488373320708, 1.37
0.3125, 2.5, 1.28
0.3241018617760822, 2.5928148942086575, 1.19
0.337099931231621, 2.696799449852968, 1.1
0.3466876226407682, 2.7735009811261455, 1.04
0.36273812505500586, 2.901905000440047, 0.95
0.37476584449793077, 2.998126755983446, 0.89
0.3880752628531664, 3.1046021028253312, 0.83
0.4029114820126901, 3.223291856101521, 0.77
0.4195906791483446, 3.3567254331867566, 0.71
0.4385290096535146, 3.508232077228117, 0.65
0.44901325506693723, 3.592106040535498, 0.62
0.47245559126153397, 3.7796447300922718, 0.56
0.4856429311786321, 3.885143449429057, 0.53
0.5, 4.0, 0.5
0.53, 0.4856429311786321, 3.885143449429057
0.5157106231293968, 0.5157106231293968, 3.76
0.48345861906686227, 0.573041851308249, 3.6095607172381197
0.4524192198426723, 0.6247029751062492, 3.5382244499274655
0.4319986950203132, 0.6851581017294345, 3.3785221273074244
0.4109974682633933, 0.74, 3.2879797461071463
0.3952847075210474, 0.8, 3.162277660168379
0.3812464258315117, 0.86, 3.0499714066520935
0.3686048903872428, 0.9199999999999999, 2.9488391230979425
0.35179877236514595, 1.01, 2.8143901789211676
0.3417929635123316, 1.0699999999999998, 2.734343708098653
0.3282660821493064, 1.16, 2.6261286571944513
0.31622776601683794, 1.25, 2.5298221281347035
0.30890103160760773, 1.31, 2.471208252860862
0.2956561979945413, 1.43, 2.3652495839563303
0.28676966733820225, 1.52, 2.294157338705618
0.2834055479695694, 1.5919850010772156, 2.216423164824267
0.28250842028895196, 1.6781939931170147, 2.109242148029569
0.27779548173130836, 1.7677402694902207, 2.0363684832629847
0.2775211458619441, 1.8540397861147428, 1.9435014567745879
0.2775211458619441, 1.9435014567745879, 1.8540397861147428
0.27779548173130836, 2.0363684832629847, 1.7677402694902207
0.28250842028895196, 2.109242148029569, 1.6781939931170147
0.2834055479695694, 2.216423164824267, 1.5919850010772156
0.28676966733820225, 2.294157338705618, 1.52
0.2956561979945413, 2.3652495839563303, 1.43
0.30890103160760773, 2.471208252860862, 1.31
0.31622776601683794, 2.5298221281347035, 1.25
0.3282660821493064, 2.6261286571944513, 1.16
0.3417929635123316, 2.734343708098653, 1.0699999999999998
0.35179877236514595, 2.8143901789211676, 1.01
0.3686048903872428, 2.9488391230979425, 0.9199999999999999
0.3812464258315117, 3.0499714066520935, 0.86
0.3952847075210474, 3.162277660168379, 0.8
0.4109974682633933, 3.2879797461071463, 0.74
0.4319986950203132, 3.3785221273074244, 0.6851581017294345
0.4524192198426723, 3.5382244499274655, 0.6247029751062492
0.48345861906686227, 3.6095607172381197, 0.573041851308249
0.5157106231293968, 3.76, 0.5157106231293968
0.53, 3.885143449429057, 0.4856429311786321
0.56, 0.47245559126153397, 3.7796447300922718
0.573041851308249, 0.48345861906686227, 3.6095607172381197
0.5331641017462287, 0.5331641017462287, 3.5178571428571423
0.5028948456749698, 0.5858449331643022, 3.394221166510653
0.47069378677382134, 0.6499365987675894, 3.2688164968873026
0.4515915742190274, 0.7001958766709934, 3.162529758357279
0.4273348189416729, 0.7694153624668538, 3.04138126514911
0.4109974682633933, 0.8318003918560583, 2.925106835655751
0.39368497736038854, 0.9003612168738128, 2.8212032643715586
0.37290669870705473, 0.9809987209808368, 2.733577391943261
0.3547616376852168, 1.064220581001034, 2.648693436975469
0.3476920311846721, 1.134563370884673, 2.53499148286179
0.34131481970605754, 1.2061105681912843, 2.4291690079048673
0.3287979746107146, 1.299688112275091, 2.3400854685246
0.3238162674820132, 1.373253136105713, 2.2487995101033844
0.319288447569427, 1.4481349978738305, 2.1627570941220333
0.31605903620526116, 1.5350403257347414, 2.0611613949248366
0.31416110039214784, 1.6161319107489884, 1.9695671176358736
0.3090530502997417, 1.715981531976621, 1.8856207824551448
0.31, 1.796053020267749, 1.796053020267749
0.3090530502997417, 1.8856207824551448, 1.715981531976621
0.31416110039214784, 1.9695671176358736, 1.6161319107489884
0.31605903620526116, 2.0611613949248366, 1.5350403257347414
0.319288447569427, 2.1627570941220333, 1.4481349978738305
0.3238162674820132, 2.2487995101033844, 1.373253136105713
0.3287979746107146, 2.3400854685246, 1.299688112275091
0.34131481970605754, 2.4291690079048673, 1.2061105681912843
0.3476920311846721, 2.53499148286179, 1.134563370884673
0.3547616376852168, 2.648693436975469, 1.064220581001034
0.37290669870705473, 2.733577391943261, 0.9809987209808368
0.39368497736038854, 2.8212032643715586, 0.9003612168738128
0.4109974682633933, 2.925106835655751, 0.8318003918560583
0.4273348189416729, 3.04138126514911, 0.7694153624668538
0.4515915742190274, 3.162529758357279, 0.7001958766709934
0.47069378677382134, 3.2688164968873026, 0.6499365987675894
0.5028948456749698, 3.394221166510653, 0.5858449331643022
0.5331641017462287, 3.5178571428571423, 0.5331641017462287
0.573041851308249, 3.6095607172381197, 0.48345861906686227
0.56, 3.7796447300922718, 0.47245559126153397
0.62, 0.44901325506693723, 3.592106040535498
0.6247029751062492, 0.4524192198426723, 3.5382244499274655
0.5858449331643022, 0.5028948456749698, 3.394221166510653
0.5534965054116333, 0.5534965054116333, 3.2641509433962264
0.5201079951859946, 0.6108825828399044, 3.1473767128657286
0.4952843963740576, 0.6627289992476328, 3.046557500695172
0.4701323971472621, 0.7289435515736707, 2.9180042615770767
0.44987078248118373, 0.7916941713925582, 2.8077262622795627
0.42951302667638724, 0.8605563419390149, 2.705480140924601
0.4135198084867809, 0.9328009686202215, 2.5924756956542794
0.39733303420744287, 1.0055939276590735, 2.5027800476735798
0.38118176937736314, 1.0926164790911086, 2.4010440733616347
0.3743998117304278, 1.1597757486833575, 2.3029810004851186
0.36313365371219464, 1.242927163701985, 2.2155819642759766
0.3608039722030743, 1.318819458269598, 2.101567499847784
0.35480744760094374, 1.4024995815122843, 2.009576448558615
0.34759130218084094, 1.4953647481345207, 1.923906496613197
0.3464877834719064, 1.5714977770133483, 1.836531163723738
0.3464173711074475, 1.6568421294438511, 1.742285046928525
0.3464173711074475, 1.742285046928525, 1.6568421294438511
0.3464877834719064, 1.836531163723738, 1.5714977770133483
0.34759130218084094, 1.923906496613197, 1.4953647481345207
0.35480744760094374, 2.009576448558615, 1.4024995815122843
0.3608039722030743, 2.101567499847784, 1.318819458269598
0.36313365371219464, 2.2155819642759766, 1.242927163701985
0.3743998117304278, 2.3029810004851186, 1.1597757486833575
0.38118176937736314, 2.4010440733616347, 1.0926164790911086
0.39733303420744287, 2.5027800476735798, 1.0055939276590735
0.4135198084867809, 2.5924756956542794, 0.9328009686202215
0.42951302667638724, 2.705480140924601, 0.8605563419390149
0.44987078248118373, 2.8077262622795627, 0.7916941713925582
0.4701323971472621, 2.9180042615770767, 0.7289435515736707
0.4952843963740576, 3.046557500695172, 0.6627289992476328
0.5201079951859946, 3.1473767128657286, 0.6108825828399044
0.5534965054116333, 3.2641509433962264, 0.5534965054116333
0.5858449331643022, 3.394221166510653, 0.5028948456749698
0.6247029751062492, 3.5382244499274655, 0.4524192198426723
0.62, 3.592106040535498, 0.44901325506693723
0.65, 0.4385290096535146, 3.508232077228117
0.6851581017294345, 0.4319986950203132, 3.3785221273074244
0.6499365987675894, 0.47069378677382134, 3.2688164968873026
0.6108825828399044, 0.5201079951859946, 3.1473767128657286
0.5744120808084386, 0.5744120808084386, 3.0307692307692307
0.5496054988194665, 0.6274347344215252, 2.8998823153914817
0.5133307342997646, 0.6971937702277342, 2.7941468991535405
0.4956203535809652, 0.7542698966040451, 2.6750018808613585
0.47553227953457156, 0.8178571942196273, 2.571239428772142
0.45595544245469993, 0.8878224599727753, 2.470310068580459
0.43822991060110733, 0.9647638212377322, 2.3652495839563303
0.42736886499558907, 1.0351490778846195, 2.260446439238853
0.4183660705005822, 1.1089094991701391, 2.1554970868956005
0.4026389291940529, 1.197229724767761, 2.074468032051698
0.4006548590862496, 1.266462785440895, 1.9707754930372063
0.391502336453534, 1.3587630427109088, 1.8798444558288538
0.3885704575510903, 1.4382849489826575, 1.7893087490909896
0.3853608620656437, 1.5232725565167666, 1.7035495782197398
0.38509316770186336, 1.611450959088854, 1.611450959088854
0.3853608620656437, 1.7035495782197398, 1.5232725565167666
0.3885704575510903, 1.7893087490909896, 1.4382849489826575
0.391502336453534, 1.8798444558288538, 1.3587630427109088
0.4006548590862496, 1.9707754930372063, 1.266462785440895
0.4026389291940529, 2.074468032051698, 1.197229724767761
0.4183660705005822, 2.1554970868956005, 1.1089094991701391
0.42736886499558907, 2.260446439238853, 1.0351490778846195
0.43822991060110733, 2.3652495839563303, 0.9647638212377322
0.45595544245469993, 2.470310068580459, 0.8878224599727753
0.47553227953457156, 2.571239428772142, 0.8178571942196273
0.4956203535809652, 2.6750018808613585, 0.7542698966040451
0.5133307342997646, 2.7941468991535405, 0.6971937702277342
0.5496054988194665, 2.8998823153914817, 0.6274347344215252
0.5744120808084386, 3.0307692307692307, 0.5744120808084386
0.6108825828399044, 3.1473767128657286, 0.5201079951859946
0.6499365987675894, 3.2688164968873026, 0.47069378677382134
0.6851581017294345, 3.3785221273074244, 0.4319986950203132
0.65, 3.508232077228117, 0.4385290096535146
0.71, 0.4195906791483446, 3.3567254331867566
0.74, 0.4109974682633933, 3.2879797461071463
0.7001958766709934, 0.4515915742190274, 3.162529758357279
0.6627289992476328, 0.4952843963740576, 3.046557500695172
0.6274347344215252, 0.5496054988194665, 2.8998823153914817
0.5986497330577986, 0.5986497330577986, 2.7903225806451615
0.571628905476564, 0.6565835781924242, 2.6643777732157417
0.5413699246807465, 0.7216959681351527, 2.559479147800367
0.5178972723168959, 0.7867000227907401, 2.45441057570474
0.49702609552246085, 0.8599138338595755, 2.3397306973013707
0.48503485926650264, 0.9230784000933474, 2.2335128686039103
0.47329126486830486, 0.9883891058378712, 2.137684267198111
0.4571735267792595, 1.0768133668500903, 2.031320670954835
0.4495114626884497, 1.150377080449128, 1.9338331856099706
0.4431376070955253, 1.228062054075432, 1.8375580998856569
0.43349784815083797, 1.3141257148688574, 1.7554001871122402
0.43315948439974367, 1.392853800696506, 1.6574736708482085
0.43045734788830337, 1.4813725873049992, 1.5682148809118832
0.43045734788830337, 1.5682148809118832, 1.4813725873049992
0.43315948439974367, 1.6574736708482085, 1.392853800696506
0.43349784815083797, 1.7554001871122402, 1.3141257148688574
0.4431376070955253, 1.8375580998856569, 1.228062054075432
0.4495114626884497, 1.9338331856099706, 1.150377080449128
0.4571735267792595, 2.031320670954835, 1.0768133668500903
0.47329126486830486, 2.137684267198111, 0.9883891058378712
0.48503485926650264, 2.2335128686039103, 0.9230784000933474
0.49702609552246085, 2.3397306973013707, 0.8599138338595755
0.5178972723168959, 2.45441057570474, 0.7867000227907401
0.5413699246807465, 2.559479147800367, 0.7216959681351527
0.571628905476564, 2.6643777732157417, 0.6565835781924242
0.5986497330577986, 2.7903225806451615, 0.5986497330577986
0.6274347344215252, 2.8998823153914817, 0.5496054988194665
0.6627289992476328, 3.046557500695172, 0.4952843963740576
0.7001958766709934, 3.162529758357279, 0.4515915742190274
0.74, 3.2879797461071463, 0.4109974682633933
0.71, 3.3567254331867566, 0.4195906791483446
0.77, 0.4029114820126901, 3.223291856101521
0.8, 0.3952847075210474, 3.162277660168379
0.7694153624668538, 0.4273348189416729, 3.04138126514911
0.7289435515736707, 0.4701323971472621, 2.9180042615770767
0.6971937702277342, 0.5133307342997646, 2.7941468991535405
0.6565835781924242, 0.571628905476564, 2.6643777732157417
0.6257862187747439, 0.6257862187747439, 2.5535714285714284
0.5981480478262815, 0.6870439576584616, 2.433362359353105
0.578423687812613, 0.7457823875675825, 2.3181514561879197
0.5532710159585715, 0.8160788780669456, 2.2147766845441756
0.533493565673837, 0.8888564233986797, 2.1088184807174333
0.5177203406715234, 0.9600998555777402, 2.01181650763119
0.5070277433523626, 1.033962019295493, 1.9074962393797232
0.49758465658524, 1.1086401298540638, 1.812768830171956
0.49003989695713157, 1.1862025990434044, 1.7203217845082126
0.48499993179688944, 1.2701999138832636, 1.623253109621151
0.47828522531723344, 1.3638380944327984, 1.53302846132084
0.48044692737430167, 1.4427041792540873, 1.4427041792540873
0.47828522531723344, 1.53302846132084, 1.3638380944327984
0.48499993179688944, 1.623253109621151, 1.2701999138832636
0.49003989695713157, 1.7203217845082126, 1.1862025990434044
0.49758465658524, 1.812768830171956, 1.1086401298540638
0.5070277433523626, 1.9074962393797232, 1.033962019295493
0.5177203406715234, 2.01181650763119, 0.9600998555777402
0.533493565673837, 2.1088184807174333, 0.8888564233986797
0.5532710159585715, 2.2147766845441756, 0.8160788780669456
0.578423687812613, 2.3181514561879197, 0.7457823875675825
0.5981480478262815, 2.433362359353105, 0.6870439576584616
0.6257862187747439, 2.5535714285714284, 0.6257862187747439
0.6565835781924242, 2.6643777732157417, 0.571628905476564
0.6971937702277342, 2.7941468991535405, 0.5133307342997646
0.7289435515736707, 2.9180042615770767, 0.4701323971472621
0.7694153624668538, 3.04138126514911, 0.4273348189416729
0.8, 3.162277660168379, 0.3952847075210474
0.77, 3.223291856101521, 0.4029114820126901
0.83, 0.3880752628531664, 3.1046021028253312
0.86, 0.3812464258315117, 3.0499714066520935
0.8318003918560583, 0.4109974682633933, 2.925106835655751
0.7916941713925582, 0.44987078248118373, 2.8077262622795627
0.7542698966040451, 0.4956203535809652, 2.6750018808613585
0.7216959681351527, 0.5413699246807465, 2.559479147800367
0.6870439576584616, 0.5981480478262815, 2.433362359353105
0.6565321642986128, 0.6565321642986128, 2.32
0.6287372835939985, 0.7221793220218067, 2.2023469454904685
0.6106580268910345, 0.779237207906526, 2.101513810118232
0.5904700615160687, 0.8520105769192641, 1.9877288048595088
0.5740860293345769, 0.9213650077154748, 1.8905636677363178
0.5605227807293851, 0.9964943607291928, 1.7903250438917193
0.5525764680597677, 1.0702972557234782, 1.690842680979002
0.5438678014805929, 1.1533392188120084, 1.5942249131186923
0.5383318087979163, 1.2383316787253138, 1.5000750056254686
0.5370216135410547, 1.3239941564507711, 1.4064430993754502
0.5370216135410547, 1.4064430993754502, 1.3239941564507711
0.5383318087979163, 1.5000750056254686, 1.2383316787253138
0.5438678014805929, 1.5942249131186923, 1.1533392188120084
0.5525764680597677, 1.690842680979002, 1.0702972557234782
0.5605227807293851, 1.7903250438917193, 0.9964943607291928
0.5740860293345769, 1.8905636677363178, 0.9213650077154748
0.5904700615160687, 1.9877288048595088, 0.8520105769192641
0.6106580268910345, 2.101513810118232, 0.779237207906526
0.6287372835939985, 2.2023469454904685, 0.7221793220218067
0.6565321642986128, 2.32, 0.6565321642986128
0.6870439576584616, 2.433362359353105, 0.5981480478262815
0.7216959681351527, 2.559479147800367, 0.5413699246807465
0.7542698966040451, 2.6750018808613585, 0.4956203535809652
0.7916941713925582, 2.8077262622795627, 0.44987078248118373
0.8318003918560583, 2.925106835655751, 0.4109974682633933
0.86, 3.0499714066520935, 0.3812464258315117
0.83, 3.1046021028253312, 0.3880752628531664
0.89, 0.37476584449793077, 2.998126755983446
0.9199999999999999, 0.3686048903872428, 2.9488391230979425
0.9003612168738128, 0.39368497736038854, 2.8212032643715586
0.8605563419390149, 0.42951302667638724, 2.705480140924601
0.8178571942196273, 0.47553227953457156, 2.571239428772142
0.7867000227907401, 0.5178972723168959, 2.45441057570474
0.7457823875675825, 0.578423687812613, 2.3181514561879197
0.7221793220218067, 0.6287372835939985, 2.2023469454904685
0.6915640748081247, 0.6915640748081247, 2.090909090909091
0.6710655313517607, 0.7543142864047142, 1.975525930658138
0.6507109814879432, 0.8233071098155456, 1.8665945700942383
0.6351425377569757, 0.890443225443353, 1.7681640890790904
0.6178900774751498, 0.9679446595474998, 1.672007614429583
0.6066480503819112, 1.0505875479105764, 1.5690289065424785
0.6018932206810411, 1.1259137703136142, 1.4756230058207844
0.5976143046671969, 1.2094863136295273, 1.383496476323666
0.5955056179775281, 1.2958569685805867, 1.2958569685805867
0.5976143046671969, 1.383496476323666, 1.2094863136295273
0.6018932206810411, 1.4756230058207844, 1.1259137703136142
0.6066480503819112, 1.5690289065424785, 1.0505875479105764
0.6178900774751498, 1.672007614429583, 0.9679446595474998
0.6351425377569757, 1.7681640890790904, 0.890443225443353
0.6507109814879432, 1.8665945700942383, 0.8233071098155456
0.6710655313517607, 1.975525930658138, 0.7543142864047142
0.6915640748081247, 2.090909090909091, 0.6915640748081247
0.7221793220218067, 2.2023469454904685, 0.6287372835939985
0.7457823875675825, 2.3181514561879197, 0.578423687812613
0.7867000227907401, 2.45441057570474, 0.5178972723168959
0.8178571942196273, 2.571239428772142, 0.47553227953457156
0.8605563419390149, 2.705480140924601, 0.42951302667638724
0.9003612168738128, 2.8212032643715586, 0.39368497736038854
0.9199999999999999, 2.9488391230979425, 0.3686048903872428
0.89, 2.998126755983446, 0.37476584449793077
0.95, 0.36273812505500586, 2.901905000440047
1.01, 0.35179877236514595, 2.8143901789211676
0.9809987209808368, 0.37290669870705473, 2.733577391943261
0.9328009686202215, 0.4135198084867809, 2.5924756956542794
0.8878224599727753, 0.45595544245469993, 2.470310068580459
0.8599138338595755, 0.49702609552246085, 2.3397306973013707
0.8160788780669456, 0.5532710159585715, 2.2147766845441756
0.779237207906526, 0.6106580268910345, 2.101513810118232
0.7543142864047142, 0.6710655313517607, 1.975525930658138
0.7314369419163896, 0.7314369419163896, 1.869158878504673
0.7139443046999141, 0.7957507009624257, 1.760186300922004
0.6927149925573328, 0.8695218784970556, 1.6602171613157337
0.6800106554570595, 0.9451648038440237, 1.5558823031346867
0.66931474569454, 1.023459470359861, 1.4598188188301688
0.6660966487301265, 1.1009788744776092, 1.3635898678023994
0.659816670334133, 1.1879984032756807, 1.2757361414895727
0.659816670334133, 1.2757361414895727, 1.1879984032756807
0.6660966487301265, 1.3635898678023994, 1.1009788744776092
0.66931474569454, 1.4598188188301688, 1.023459470359861
0.6800106554570595, 1.5558823031346867, 0.9451648038440237
0.6927149925573328, 1.6602171613157337, 0.8695218784970556
0.7139443046999141, 1.760186300922004, 0.7957507009624257
0.7314369419163896, 1.869158878504673, 0.7314369419163896
0.7543142864047142, 1.975525930658138, 0.6710655313517607
0.779237207906526, 2.101513810118232, 0.6106580268910345
0.8160788780669456, 2.2147766845441756, 0.5532710159585715
0.8599138338595755, 2.3397306973013707, 0.49702609552246085
0.8878224599727753, 2.470310068580459, 0.45595544245469993
0.9328009686202215, 2.5924756956542794, 0.4135198084867809
0.9809987209808368, 2.733577391943261, 0.37290669870705473
1.01, 2.8143901789211676, 0.35179877236514595
0.95, 2.901905000440047, 0.36273812505500586
1.04, 0.3466876226407682, 2.7735009811261455
1.0699999999999998, 0.3417929635123316, 2.734343708098653
1.064220581001034, 0.3547616376852168, 2.648693436975469
1.0055939276590735, 0.39733303420744287, 2.5027800476735798
0.9647638212377322, 0.43822991060110733, 2.3652495839563303
0.9230784000933474, 0.48503485926650264, 2.2335128686039103
0.8888564233986797, 0.533493565673837, 2.1088184807174333
0.8520105769192641, 0.5904700615160687, 1.9877288048595088
0.8233071098155456, 0.6507109814879432, 1.8665945700942383
0.7957507009624257, 0.7139443046999141, 1.760186300922004
0.7776827239701783, 0.7776827239701783, 1.6534653465346534
0.7610712087687682, 0.8490236840439606, 1.5475863899807925
0.7474821285169031, 0.9233390905211845, 1.4488985043939706
0.7398912247014718, 1.0017894437217028, 1.3491358179982835
0.7327703873319995, 1.0832640957705755, 1.2597887934971184
0.7318435754189945, 1.1689363600044522, 1.1689363600044522
0.7327703873319995, 1.2597887934971184, 1.0832640957705755
0.7398912247014718, 1.3491358179982835, 1.0017894437217028
0.7474821285169031, 1.4488985043939706, 0.9233390905211845
0.7610712087687682, 1.5475863899807925, 0.8490236840439606
0.7776827239701783, 1.6534653465346534, 0.7776827239701783
0.7957507009624257, 1.760186300922004, 0.7139443046999141
0.8233071098155456, 1.8665945700942383, 0.6507109814879432
0.8520105769192641, 1.9877288048595088, 0.5904700615160687
0.8888564233986797, 2.1088184807174333, 0.533493565673837
0.9230784000933474, 2.2335128686039103, 0.48503485926650264
0.9647638212377322, 2.3652495839563303, 0.43822991060110733
1.0055939276590735, 2.5027800476735798, 0.39733303420744287
1.064220581001034, 2.648693436975469, 0.3547616376852168
1.0699999999999998, 2.734343708098653, 0.3417929635123316
1.04, 2.7735009811261455, 0.3466876226407682
1.1, 0.337099931231621, 2.696799449852968
1.16, 0.3282660821493064, 2.6261286571944513
1.134563370884673, 0.3476920311846721, 2.53499148286179
1.0926164790911086, 0.38118176937736314, 2.4010440733616347
1.0351490778846195, 0.42736886499558907, 2.260446439238853
0.9883891058378712, 0.47329126486830486, 2.137684267198111
0.9600998555777402, 0.5177203406715234, 2.01181650763119
0.9213650077154748, 0.5740860293345769, 1.8905636677363178
0.890443225443353, 0.6351425377569757, 1.7681640890790904
0.8695218784970556, 0.6927149925573328, 1.6602171613157337
0.8490236840439606, 0.7610712087687682, 1.5475863899807925
0.8318003918560581, 0.8318003918560581, 1.4453124999999998
0.8206757180658631, 0.9066855489496369, 1.3439147555663669
0.810094798454533, 0.9862793109910273, 1.2515961924505212
0.8058928300397618, 1.0723644059722368, 1.1571251091084616
0.8058928300397618, 1.1571251091084616, 1.0723644059722368
0.810094798454533, 1.2515961924505212, 0.9862793109910273
0.8206757180658631, 1.3439147555663669, 0.9066855489496369
0.8318003918560581, 1.4453124999999998, 0.8318003918560581
0.8490236840439606, 1.5475863899807925, 0.7610712087687682
0.8695218784970556, 1.6602171613157337, 0.6927149925573328
0.890443225443353, 1.7681640890790904, 0.6351425377569757
0.9213650077154748, 1.8905636677363178, 0.5740860293345769
0.9600998555777402, 2.01181650763119, 0.5177203406715234
0.9883891058378712, 2.137684267198111, 0.47329126486830486
1.0351490778846195, 2.260446439238853, 0.42736886499558907
1.0926164790911086, 2.4010440733616347, 0.38118176937736314
1.134563370884673, 2.53499148286179, 0.3476920311846721
1.16, 2.6261286571944513, 0.3282660821493064
1.1, 2.696799449852968, 0.337099931231621
1.19, 0.3241018617760822, 2.5928148942086575
1.25, 0.31622776601683794, 2.5298221281347035
1.2061105681912843, 0.34131481970605754, 2.4291690079048673
1.1597757486833575, 0.3743998117304278, 2.3029810004851186
1.1089094991701391, 0.4183660705005822, 2.1554970868956005
1.0768133668500903, 0.4571735267792595, 2.031320670954835
1.033962019295493, 0.5070277433523626, 1.9074962393797232
0.9964943607291928, 0.5605227807293851, 1.7903250438917193
0.9679446595474998, 0.6178900774751498, 1.672007614429583
0.9451648038440237, 0.6800106554570595, 1.5558823031346867
0.9233390905211845, 0.7474821285169031, 1.4488985043939706
0.9066855489496369, 0.8206757180658631, 1.3439147555663669
0.8958970805552211, 0.8958970805552211, 1.2459016393442623
0.889589775705773, 0.9748798826957624, 1.1530791218170626
0.8864864864864865, 1.0620964082830733, 1.0620964082830733
0.889589775705773, 1.1530791218170626, 0.9748798826957624
0.8958970805552211, 1.2459016393442623, 0.8958970805552211
0.9066855489496369, 1.3439147555663669, 0.8206757180658631
0.9233390905211845, 1.4488985043939706, 0.7474821285169031
0.9451648038440237, 1.5558823031346867, 0.6800106554570595
0.9679446595474998, 1.672007614429583, 0.6178900774751498
0.9964943607291928, 1.7903250438917193, 0.5605227807293851
1.033962019295493, 1.9074962393797232, 0.5070277433523626
1.0768133668500903, 2.031320670954835, 0.4571735267792595
1.1089094991701391, 2.1554970868956005, 0.4183660705005822
1.1597757486833575, 2.3029810004851186, 0.3743998117304278
1.2061105681912843, 2.4291690079048673, 0.34131481970605754
1.25, 2.5298221281347035, 0.31622776601683794
1.19, 2.5928148942086575, 0.3241018617760822
1.28, 0.3125, 2.5
1.31, 0.30890103160760773, 2.471208252860862
1.299688112275091, 0.3287979746107146, 2.3400854685246
1.242927163701985, 0.36313365371219464, 2.2155819642759766
1.197229724767761, 0.4026389291940529, 2.074468032051698
1.150377080449128, 0.4495114626884497, 1.9338331856099706
1.1086401298540638, 0.49758465658524, 1.812768830171956
1.0702972557234782, 0.5525764680597677, 1.690842680979002
1.0505875479105764, 0.6066480503819112, 1.5690289065424785
1.023459470359861, 0.66931474569454, 1.4598188188301688
1.0017894437217028, 0.7398912247014718, 1.3491358179982835
0.9862793109910273, 0.810094798454533, 1.2515961924505212
0.9748798826957624, 0.889589775705773, 1.1530791218170626
0.9716477648211761, 0.9716477648211761, 1.0592105263157894
0.9716477648211761, 1.0592105263157894, 0.9716477648211761
0.9748798826957624, 1.1530791218170626, 0.889589775705773
0.9862793109910273, 1.2515961924505212, 0.810094798454533
1.0017894437217028, 1.3491358179982835, 0.7398912247014718
1.023459470359861, 1.4598188188301688, 0.66931474569454
1.0505875479105764, 1.5690289065424785, 0.6066480503819112
1.0702972557234782, 1.690842680979002, 0.5525764680597677
1.1086401298540638, 1.812768830171956, 0.49758465658524
1.150377080449128, 1.9338331856099706, 0.4495114626884497
1.197229724767761, 2.074468032051698, 0.4026389291940529
1.242927163701985, 2.2155819642759766, 0.36313365371219464
1.299688112275091, 2.3400854685246, 0.3287979746107146
1.31, 2.471208252860862, 0.30890103160760773
1.28, 2.5, 0.3125
1.37, 0.3020610466650885, 2.416488373320708
1.43, 0.2956561979945413, 2.3652495839563303
1.373253136105713, 0.3238162674820132, 2.2487995101033844
1.318819458269598, 0.3608039722030743, 2.101567499847784
1.266462785440895, 0.4006548590862496, 1.9707754930372063
1.228062054075432, 0.4431376070955253, 1.8375580998856569
1.1862025990434044, 0.49003989695713157, 1.7203217845082126
1.1533392188120084, 0.5438678014805929, 1.5942249131186923
1.1259137703136142, 0.6018932206810411, 1.4756230058207844
1.1009788744776092, 0.6660966487301265, 1.3635898678023994
1.0832640957705755, 0.7327703873319995, 1.2597887934971184
1.0723644059722368, 0.8058928300397618, 1.1571251091084616
1.0620964082830733, 0.8864864864864865, 1.0620964082830733
1.0592105263157894, 0.9716477648211761, 0.9716477648211761
1.0620964082830733, 1.0620964082830733, 0.8864864864864865
1.0723644059722368, 1.1571251091084616, 0.8058928300397618
1.0832640957705755, 1.2597887934971184, 0.7327703873319995
1.1009788744776092, 1.3635898678023994, 0.6660966487301265
1.1259137703136142, 1.4756230058207844, 0.6018932206810411
1.1533392188120084, 1.5942249131186923, 0.5438678014805929
1.1862025990434044, 1.7203217845082126, 0.49003989695713157
1.228062054075432, 1.8375580998856569, 0.4431376070955253
1.266462785440895, 1.9707754930372063, 0.4006548590862496
1.318819458269598, 2.101567499847784, 0.3608039722030743
1.373253136105713, 2.2487995101033844, 0.3238162674820132
1.43, 2.3652495839563303, 0.2956561979945413
1.37, 2.416488373320708, 0.3020610466650885
1.49, 0.28964222318174615, 2.317137785453969
1.52, 0.28676966733820225, 2.294157338705618
1.4481349978738305, 0.319288447569427, 2.1627570941220333
1.4024995815122843, 0.35480744760094374, 2.009576448558615
1.3587630427109088, 0.391502336453534, 1.8798444558288538
1.3141257148688574, 0.43349784815083797, 1.7554001871122402
1.2701999138832636, 0.48499993179688944, 1.623253109621151
1.2383316787253138, 0.5383318087979163, 1.5000750056254686
1.2094863136295273, 0.5976143046671969, 1.383496476323666
1.1879984032756807, 0.659816670334133, 1.2757361414895727
1.1689363600044522, 0.7318435754189945, 1.1689363600044522
1.1571251091084616, 0.8058928300397618, 1.0723644059722368
1.1530791218170626, 0.889589775705773, 0.9748798826957624
1.1530791218170626, 0.9748798826957624, 0.889589775705773
1.1571251091084616, 1.0723644059722368, 0.8058928300397618
1.1689363600044522, 1.1689363600044522, 0.7318435754189945
1.1879984032756807, 1.2757361414895727, 0.659816670334133
1.2094863136295273, 1.383496476323666, 0.5976143046671969
1.2383316787253138, 1.5000750056254686, 0.5383318087979163
1.2701999138832636, 1.623253109621151, 0.48499993179688944
1.3141257148688574, 1.7554001871122402, 0.43349784815083797
1.3587630427109088, 1.8798444558288538, 0.391502336453534
1.4024995815122843, 2.009576448558615, 0.35480744760094374
1.4481349978738305, 2.1627570941220333, 0.319288447569427
1.52, 2.294157338705618, 0.28676966733820225
1.49, 2.317137785453969, 0.28964222318174615
1.58, 0.281271975231506, 2.250175801852048
1.5919850010772156, 0.2834055479695694, 2.216423164824267
1.5350403257347414, 0.31605903620526116, 2.0611613949248366
1.4953647481345207, 0.34759130218084094, 1.923906496613197
1.4382849489826575, 0.3885704575510903, 1.7893087490909896
1.392853800696506, 0.43315948439974367, 1.6574736708482085
1.3638380944327984, 0.47828522531723344, 1.53302846132084
1.3239941564507711, 0.5370216135410547, 1.4064430993754502
1.2958569685805867, 0.5955056179775281, 1.2958569685805867
1.2757361414895727, 0.659816670334133, 1.1879984032756807
1.2597887934971184, 0.7327703873319995, 1.0832640957705755
1.2515961924505212, 0.810094798454533, 0.9862793109910273
1.2459016393442623, 0.8958970805552211, 0.8958970805552211
1.2515961924505212, 0.9862793109910273, 0.810094798454533
1.2597887934971184, 1.0832640957705755, 0.7327703873319995
1.2757361414895727, 1.1879984032756807, 0.659816670334133
1.2958569685805867, 1.2958569685805867, 0.5955056179775281
1.3239941564507711, 1.4064430993754502, 0.5370216135410547
1.3638380944327984, 1.53302846132084, 0.47828522531723344
1.392853800696506, 1.6574736708482085, 0.43315948439974367
1.4382849489826575, 1.7893087490909896, 0.3885704575510903
1.4953647481345207, 1.923906496613197, 0.34759130218084094
1.5350403257347414, 2.0611613949248366, 0.31605903620526116
1.5919850010772156, 2.216423164824267, 0.2834055479695694
1.58, 2.250175801852048, 0.281271975231506
1.67, 0.2735878275822914, 2.188702620658331
1.6781939931170147, 0.28250842028895196, 2.109242148029569
1.6161319107489884, 0.31416110039214784, 1.9695671176358736
1.5714977770133483, 0.3464877834719064, 1.836531163723738
1.5232725565167666, 0.3853608620656437, 1.7035495782197398
1.4813725873049992, 0.43045734788830337, 1.5682148809118832
1.4427041792540873, 0.48044692737430167, 1.4427041792540873
1.4064430993754502, 0.5370216135410547, 1.3239941564507711
1.383496476323666, 0.5976143046671969, 1.2094863136295273
1.3635898678023994, 0.6660966487301265, 1.1009788744776092
1.3491358179982835, 0.7398912247014718, 1.0017894437217028
1.3439147555663669, 0.8206757180658631, 0.9066855489496369
1.3439147555663669, 0.9066855489496369, 0.8206757180658631
1.3491358179982835, 1.0017894437217028, 0.7398912247014718
1.3635898678023994, 1.1009788744776092, 0.6660966487301265
1.383496476323666, 1.2094863136295273, 0.5976143046671969
1.4064430993754502, 1.3239941564507711, 0.5370216135410547
1.4427041792540873, 1.4427041792540873, 0.48044692737430167
1.4813725873049992, 1.5682148809118832, 0.43045734788830337
1.5232725565167666, 1.7035495782197398, 0.3853608620656437
1.5714977770133483, 1.836531163723738, 0.3464877834719064
1.6161319107489884, 1.9695671176358736, 0.31416110039214784
1.6781939931170147, 2.109242148029569, 0.28250842028895196
1.67, 2.188702620658331, 0.2735878275822914
1.79, 0.264258211290845, 2.11406569032676
1.7677402694902207, 0.27779548173130836, 2.0363684832629847
1.715981531976621, 0.3090530502997417, 1.8856207824551448
1.6568421294438511, 0.3464173711074475, 1.742285046928525
1.611450959088854, 0.38509316770186336, 1.611450959088854
1.5682148809118832, 0.43045734788830337, 1.4813725873049992
1.53302846132084, 0.47828522531723344, 1.3638380944327984
1.5000750056254686, 0.5383318087979163, 1.2383316787253138
1.4756230058207844, 0.6018932206810411, 1.1259137703136142
1.4598188188301688, 0.66931474569454, 1.023459470359861
1.4488985043939706, 0.7474821285169031, 0.9233390905211845
1.4453124999999998, 0.8318003918560581, 0.8318003918560581
1.4488985043939706, 0.9233390905211845, 0.7474821285169031
1.4598188188301688, 1.023459470359861, 0.66931474569454
1.4756230058207844, 1.1259137703136142, 0.6018932206810411
1.5000750056254686, 1.2383316787253138, 0.5383318087979163
1.53302846132084, 1.3638380944327984, 0.47828522531723344
1.5682148809118832, 1.4813725873049992, 0.43045734788830337
1.611450959088854, 1.611450959088854, 0.38509316770186336
1.6568421294438511, 1.742285046928525, 0.3464173711074475
1.715981531976621, 1.8856207824551448, 0.3090530502997417
1.7677402694902207, 2.0363684832629847, 0.27779548173130836
1.79, 2.11406569032676, 0.264258211290845
1.88, 0.2578553115646984, 2.062842492517587
1.8540397861147428, 0.2775211458619441, 1.9435014567745879
1.796053020267749, 0.31, 1.796053020267749
1.742285046928525, 0.3464173711074475, 1.6568421294438511
1.7035495782197398, 0.3853608620656437, 1.5232725565167666
1.6574736708482085, 0.43315948439974367, 1.392853800696506
1.623253109621151, 0.48499993179688944, 1.2701999138832636
1.5942249131186923, 0.5438678014805929, 1.1533392188120084
1.5690289065424785, 0.6066480503819112, 1.0505875479105764
1.5558823031346867, 0.6800106554570595, 0.9451648038440237
1.5475863899807925, 0.7610712087687682, 0.8490236840439606
1.5475863899807925, 0.8490236840439606, 0.7610712087687682
1.5558823031346867, 0.9451648038440237, 0.6800106554570595
1.5690289065424785, 1.0505875479105764, 0.6066480503819112
1.5942249131186923, 1.1533392188120084, 0.5438678014805929
1.623253109621151, 1.2701999138832636, 0.48499993179688944
1.6574736708482085, 1.392853800696506, 0.43315948439974367
1.7035495782197398, 1.5232725565167666, 0.3853608620656437
1.742285046928525, 1.6568421294438511, 0.3464173711074475
1.796053020267749, 1.796053020267749, 0.31
1.8540397861147428, 1.9435014567745879, 0.2775211458619441
1.88, 2.062842492517587, 0.2578553115646984
2.0, 0.25, 2.0
1.9435014567745879, 0.2775211458619441, 1.8540397861147428
1.8856207824551448, 0.3090530502997417, 1.715981531976621
1.836531163723738, 0.3464877834719064, 1.5714977770133483
1.7893087490909896, 0.3885704575510903, 1.4382849489826575
1.7554001871122402, 0.43349784815083797, 1.3141257148688574
1.7203217845082126, 0.49003989695713157, 1.1862025990434044
1.690842680979002, 0.5525764680597677, 1.0702972557234782
1.672007614429583, 0.6178900774751498, 0.9679446595474998
1.6602171613157337, 0.6927149925573328, 0.8695218784970556
1.6534653465346534, 0.7776827239701783, 0.7776827239701783
1.6602171613157337, 0.8695218784970556, 0.6927149925573328
1.672007614429583, 0.9679446595474998, 0.6178900774751498
1.690842680979002, 1.0702972557234782, 0.5525764680597677
1.7203217845082126, 1.1862025990434044, 0.49003989695713157
1.7554001871122402, 1.3141257148688574, 0.43349784815083797
1.7893087490909896, 1.4382849489826575, 0.3885704575510903
1.836531163723738, 1.5714977770133483, 0.3464877834719064
1.8856207824551448, 1.715981531976621, 0.3090530502997417
1.9435014567745879, 1.8540397861147428, 0.2775211458619441
2.0, 2.0, 0.25
2.062842492517587, 0.2578553115646984, 1.88
2.0363684832629847, 0.27779548173130836, 1.7677402694902207
1.9695671176358736, 0.31416110039214784, 1.6161319107489884
1.923906496613197, 0.34759130218084094, 1.4953647481345207
1.8798444558288538, 0.391502336453534, 1.3587630427109088
1.8375580998856569, 0.4431376070955253, 1.228062054075432
1.812768830171956, 0.49758465658524, 1.1086401298540638
1.7903250438917193, 0.5605227807293851, 0.9964943607291928
1.7681640890790904, 0.6351425377569757, 0.890443225443353
1.760186300922004, 0.7139443046999141, 0.7957507009624257
1.760186300922004, 0.7957507009624257, 0.7139443046999141
1.7681640890790904, 0.890443225443353, 0.6351425377569757
1.7903250438917193, 0.9964943607291928, 0.5605227807293851
1.812768830171956, 1.1086401298540638, 0.49758465658524
1.8375580998856569, 1.228062054075432, 0.4431376070955253
1.8798444558288538, 1.3587630427109088, 0.391502336453534
1.923906496613197, 1.4953647481345207, 0.34759130218084094
1.9695671176358736, 1.6161319107489884, 0.31416110039214784
2.0363684832629847, 1.7677402694902207, 0.27779548173130836
2.062842492517587, 1.88, 0.2578553115646984
2.11406569032676, 0.264258211290845, 1.79
2.109242148029569, 0.28250842028895196, 1.6781939931170147
2.0611613949248366, 0.31605903620526116, 1.5350403257347414
2.009576448558615, 0.35480744760094374, 1.4024995815122843
1.9707754930372063, 0.4006548590862496, 1.266462785440895
1.9338331856099706, 0.4495114626884497, 1.150377080449128
1.9074962393797232, 0.5070277433523626, 1.033962019295493
1.8905636677363178, 0.5740860293345769, 0.9213650077154748
1.8665945700942383, 0.6507109814879432, 0.8233071098155456
1.869158878504673, 0.7314369419163896, 0.7314369419163896
1.8665945700942383, 0.8233071098155456, 0.6507109814879432
1.8905636677363178, 0.9213650077154748, 0.5740860293345769
1.9074962393797232, 1.033962019295493, 0.5070277433523626
1.9338331856099706, 1.150377080449128, 0.4495114626884497
1.9707754930372063, 1.266462785440895, 0.4006548590862496
2.009576448558615, 1.4024995815122843, 0.35480744760094374
2.0611613949248366, 1.5350403257347414, 0.31605903620526116
2.109242148029569, 1.6781939931170147, 0.28250842028895196
2.11406569032676, 1.79, 0.264258211290845
2.188702620658331, 0.2735878275822914, 1.67
2.216423164824267, 0.2834055479695694, 1.5919850010772156
2.1627570941220333, 0.319288447569427, 1.4481349978738305
2.101567499847784, 0.3608039722030743, 1.318819458269598
2.074468032051698, 0.4026389291940529, 1.197229724767761
2.031320670954835, 0.4571735267792595, 1.0768133668500903
2.01181650763119, 0.5177203406715234, 0.9600998555777402
1.9877288048595088, 0.5904700615160687, 0.8520105769192641
1.975525930658138, 0.6710655313517607, 0.7543142864047142
1.975525930658138, 0.7543142864047142, 0.6710655313517607
1.9877288048595088, 0.8520105769192641, 0.5904700615160687
2.01181650763119, 0.9600998555777402, 0.5177203406715234
2.031320670954835, 1.0768133668500903, 0.4571735267792595
2.074468032051698, 1.197229724767761, 0.4026389291940529
2.101567499847784, 1.318819458269598, 0.3608039722030743
2.1627570941220333, 1.4481349978738305, 0.319288447569427
2.216423164824267, 1.5919850010772156, 0.2834055479695694
2.188702620658331, 1.67, 0.2735878275822914
2.250175801852048, 0.281271975231506, 1.58
2.294157338705618, 0.28676966733820225, 1.52
2.2487995101033844, 0.3238162674820132, 1.373253136105713
2.2155819642759766, 0.36313365371219464, 1.242927163701985
2.1554970868956005, 0.4183660705005822, 1.1089094991701391
2.137684267198111, 0.47329126486830486, 0.9883891058378712
2.1088184807174333, 0.533493565673837, 0.8888564233986797
2.101513810118232, 0.6106580268910345, 0.779237207906526
2.090909090909091, 0.6915640748081247, 0.6915640748081247
2.101513810118232, 0.779237207906526, 0.6106580268910345
2.1088184807174333, 0.8888564233986797, 0.533493565673837
2.137684267198111, 0.9883891058378712, 0.47329126486830486
2.1554970868956005, 1.1089094991701391, 0.4183660705005822
2.2155819642759766, 1.242927163701985, 0.36313365371219464
2.2487995101033844, 1.373253136105713, 0.3238162674820132
2.294157338705618, 1.52, 0.28676966733820225
2.250175801852048, 1.58, 0.281271975231506
2.317137785453969, 0.28964222318174615, 1.49
2.3652495839563303, 0.2956561979945413, 1.43
2.3400854685246, 0.3287979746107146, 1.299688112275091
2.3029810004851186, 0.3743998117304278, 1.1597757486833575
2.260446439238853, 0.42736886499558907, 1.0351490778846195
2.2335128686039103, 0.48503485926650264, 0.9230784000933474
2.2147766845441756, 0.5532710159585715, 0.8160788780669456
2.2023469454904685, 0.6287372835939985, 0.7221793220218067
2.2023469454904685, 0.7221793220218067, 0.6287372835939985
2.2147766845441756, 0.8160788780669456, 0.5532710159585715
2.2335128686039103, 0.9230784000933474, 0.48503485926650264
2.260446439238853, 1.0351490778846195, 0.42736886499558907
2.3029810004851186, 1.1597757486833575, 0.3743998117304278
2.3400854685246, 1.299688112275091, 0.3287979746107146
2.3652495839563303, 1.43, 0.2956561979945413
2.317137785453969, 1.49, 0.28964222318174615
2.416488373320708, 0.3020610466650885, 1.37
2.471208252860862, 0.30890103160760773, 1.31
2.4291690079048673, 0.34131481970605754, 1.2061105681912843
2.4010440733616347, 0.38118176937736314, 1.0926164790911086
2.3652495839563303, 0.43822991060110733, 0.9647638212377322
2.3397306973013707, 0.49702609552246085, 0.8599138338595755
2.3181514561879197, 0.578423687812613, 0.7457823875675825
2.32, 0.6565321642986128, 0.6565321642986128
2.3181514561879197, 0.7457823875675825, 0.578423687812613
2.3397306973013707, 0.8599138338595755, 0.49702609552246085
2.3652495839563303, 0.9647638212377322, 0.43822991060110733
2.4010440733616347, 1.0926164790911086, 0.38118176937736314
2.4291690079048673, 1.2061105681912843, 0.34131481970605754
2.471208252860862, 1.31, 0.30890103160760773
2.416488373320708, 1.37, 0.3020610466650885
2.5, 0.3125, 1.28
2.5298221281347035, 0.31622776601683794, 1.25
2.53499148286179, 0.3476920311846721, 1.134563370884673
2.5027800476735798, 0.39733303420744287, 1.0055939276590735
2.470310068580459, 0.45595544245469993, 0.8878224599727753
2.45441057570474, 0.5178972723168959, 0.7867000227907401
2.433362359353105, 0.5981480478262815, 0.6870439576584616
2.433362359353105, 0.6870439576584616, 0.5981480478262815
2.45441057570474, 0.7867000227907401, 0.5178972723168959
2.470310068580459, 0.8878224599727753, 0.45595544245469993
2.5027800476735798, 1.0055939276590735, 0.39733303420744287
2.53499148286179, 1.134563370884673, 0.3476920311846721
2.5298221281347035, 1.25, 0.31622776601683794
2.5, 1.28, 0.3125
2.5928148942086575, 0.3241018617760822, 1.19
2.6261286571944513, 0.3282660821493064, 1.16
2.648693436975469, 0.3547616376852168, 1.064220581001034
2.5924756956542794, 0.4135198084867809, 0.9328009686202215
2.571239428772142, 0.47553227953457156, 0.8178571942196273
2.559479147800367, 0.5413699246807465, 0.7216959681351527
2.5535714285714284, 0.6257862187747439, 0.6257862187747439
2.559479147800367, 0.7216959681351527, 0.5413699246807465
2.571239428772142, 0.8178571942196273, 0.47553227953457156
2.5924756956542794, 0.9328009686202215, 0.4135198084867809
2.648693436975469, 1.064220581001034, 0.3547616376852168
2.6261286571944513, 1.16, 0.3282660821493064
2.5928148942086575, 1.19, 0.3241018617760822
2.696799449852968, 0.337099931231621, 1.1
2.734343708098653, 0.3417929635123316, 1.0699999999999998
2.733577391943261, 0.37290669870705473, 0.9809987209808368
2.705480140924601, 0.42951302667638724, 0.8605563419390149
2.6750018808613585, 0.4956203535809652, 0.7542698966040451
2.6643777732157417, 0.571628905476564, 0.6565835781924242
2.6643777732157417, 0.6565835781924242, 0.571628905476564
2.6750018808613585, 0.7542698966040451, 0.4956203535809652
2.705480140924601, 0.8605563419390149, 0.42951302667638724
2.733577391943261, 0.9809987209808368, 0.37290669870705473
2.734343708098653, 1.0699999999999998, 0.3417929635123316
2.696799449852968, 1.1, 0.337099931231621
2.7735009811261455, 0.3466876226407682, 1.04
2.8143901789211676, 0.35179877236514595, 1.01
2.8212032643715586, 0.39368497736038854, 0.9003612168738128
2.8077262622795627, 0.44987078248118373, 0.7916941713925582
2.7941468991535405, 0.5133307342997646, 0.6971937702277342
2.7903225806451615, 0.5986497330577986, 0.5986497330577986
2.7941468991535405, 0.6971937702277342, 0.5133307342997646
2.8077262622795627, 0.7916941713925582, 0.44987078248118373
2.8212032643715586, 0.9003612168738128, 0.39368497736038854
2.8143901789211676, 1.01, 0.35179877236514595
2.7735009811261455, 1.04, 0.3466876226407682
2.901905000440047, 0.36273812505500586, 0.95
2.9488391230979425, 0.3686048903872428, 0.9199999999999999
2.925106835655751, 0.4109974682633933, 0.8318003918560583
2.9180042615770767, 0.4701323971472621, 0.7289435515736707
2.8998823153914817, 0.5496054988194665, 0.6274347344215252
2.8998823153914817, 0.6274347344215252, 0.5496054988194665
2.9180042615770767, 0.7289435515736707, 0.4701323971472621
2.925106835655751, 0.8318003918560583, 0.4109974682633933
2.9488391230979425, 0.9199999999999999, 0.3686048903872428
2.901905000440047, 0.95, 0.36273812505500586
2.998126755983446, 0.37476584449793077, 0.89
3.0499714066520935, 0.3812464258315117, 0.86
3.04138126514911, 0.4273348189416729, 0.7694153624668538
3.046557500695172, 0.4952843963740576, 0.6627289992476328
3.0307692307692307, 0.5744120808084386, 0.5744120808084386
3.046557500695172, 0.6627289992476328, 0.4952843963740576
3.04138126514911, 0.7694153624668538, 0.4273348189416729
3.0499714066520935, 0.86, 0.3812464258315117
2.998126755983446, 0.89, 0.37476584449793077
3.1046021028253312, 0.3880752628531664, 0.83
3.162277660168379, 0.3952847075210474, 0.8
3.162529758357279, 0.4515915742190274, 0.7001958766709934
3.1473767128657286, 0.5201079951859946, 0.6108825828399044
3.1473767128657286, 0.6108825828399044, 0.5201079951859946
3.162529758357279, 0.7001958766709934, 0.4515915742190274
3.162277660168379, 0.8, 0.3952847075210474
3.1046021028253312, 0.83, 0.3880752628531664
3.223291856101521, 0.4029114820126901, 0.77
3.2879797461071463, 0.4109974682633933, 0.74
3.2688164968873026, 0.47069378677382134, 0.6499365987675894
3.2641509433962264, 0.5534965054116333, 0.5534965054116333
3.2688164968873026, 0.6499365987675894, 0.47069378677382134
3.2879797461071463, 0.74, 0.4109974682633933
3.223291856101521, 0.77, 0.4029114820126901
3.3567254331867566, 0.4195906791483446, 0.71
3.3785221273074244, 0.4319986950203132, 0.6851581017294345
3.394221166510653, 0.5028948456749698, 0.5858449331643022
3.394221166510653, 0.5858449331643022, 0.5028948456749698
3.3785221273074244, 0.6851581017294345, 0.4319986950203132
3.3567254331867566, 0.71, 0.4195906791483446
3.508232077228117, 0.4385290096535146, 0.65
3.5382244499274655, 0.4524192198426723, 0.6247029751062492
3.5178571428571423, 0.5331641017462287, 0.5331641017462287
3.5382244499274655, 0.6247029751062492, 0.4524192198426723
3.508232077228117, 0.65, 0.4385290096535146
3.592106040535498, 0.44901325506693723, 0.62
3.6095607172381197, 0.48345861906686227, 0.573041851308249
3.6095607172381197, 0.573041851308249, 0.48345861906686227
3.592106040535498, 0.62, 0.44901325506693723
3.7796447300922718, 0.47245559126153397, 0.56
3.76, 0.5157106231293968, 0.5157106231293968
3.7796447300922718, 0.56, 0.47245559126153397
3.885143449429057, 0.4856429311786321, 0.53
3.885143449429057, 0.53, 0.4856429311786321
4.0, 0.5, 0.5
