0.0, 0.0, 1.0
0.0, 0.006666666666666599, 0.9606607702914463
0.0, 0.013333333333333334, 0.922619730810557
0.0, 0.019999999999999907, 0.8858423808640005
0.0, 0.02666666666666667, 0.8502949120435448
0.0, 0.03333333333333333, 0.8159441989026064
0.0, 0.04, 0.7827577896959999
0.0, 0.04666666666666667, 0.7507038971829028
0.0, 0.05333333333333334, 0.719751389493026
0.0, 0.06666666666666667, 0.6610292235939644
0.0, 0.07333333333333333, 0.6332004971773716
0.0, 0.08, 0.6063550013440001
0.0, 0.09333333333333327, 0.5555023440711991
0.0, 0.1, 0.531441
0.0, 0.11333333333333334, 0.48591722173006324
0.0, 0.12666666666666668, 0.44369059154181606
0.0, 0.14, 0.40456723513599996
0.0, 0.15333333333333335, 0.36836195684512485
0.0, 0.16666666666666663, 0.3348979766803842
0.0, 0.18000000000000002, 0.3040066714239999
0.0, 0.2, 0.2621440000000001
0.0, 0.22, 0.22519960070400005
0.0, 0.24666666666666667, 0.18277765729351983
0.0, 0.2733333333333334, 0.14723512632897656
0.0, 0.31333333333333335, 0.10482763645796432
0.0, 0.36000000000000004, 0.06871947673599994
0.0, 0.4133333333333334, 0.040770729155248285
0.0, 0.4733333333333333, 0.021341011184285337
0.0, 0.5266666666666666, 0.01124611546082854
0.0, 0.5733333333333334, 0.006032985611939641
0.0, 0.62, 0.0030109363840000003
0.0, 0.66, 0.001544804415999999
0.0, 0.7000000000000001, 7.289999999999991E-4
0.0, 0.7400000000000001, 3.089157759999993E-4
0.0, 0.7733333333333334, 1.356206894705072E-4
0.0, 0.8133333333333334, 4.230587031001369E-5
0.0, 0.8466666666666667, 1.2996292038408773E-5
0.0, 0.8866666666666667, 2.119073272976675E-6
0.0, 0.9266666666666667, 1.5552798902606204E-7
0.0, 0.9600000000000001, 4.095999999999954E-9
0.0, 1.0, 0.0
0.006666666666666599, 0.0, 0.9606607702914463
0.006622222222222155, 0.006622222222222155, 0.9231185565148867
0.0, 0.019999999999999907, 0.8858423808640005
0.0, 0.02666666666666667, 0.8502949120435448
0.0, 0.03333333333333333, 0.8159441989026064
0.0, 0.039999999999999925, 0.7827577896960004
0.0, 0.04666666666666667, 0.7507038971829028
0.0, 0.05333333333333334, 0.719751389493026
0.0, 0.060000000000000005, 0.6898697810559997
0.0, 0.07333333333333325, 0.633200497177372
0.0, 0.08, 0.6063550013440001
0.0, 0.09333333333333327, 0.5555023440711991
0.0, 0.1, 0.531441
0.0, 0.11333333333333334, 0.48591722173006324
0.0, 0.12000000000000001, 0.464404086784
0.0, 0.13333333333333333, 0.42375277914952
0.0, 0.1466666666666666, 0.38611107916413734
0.0, 0.15999999999999992, 0.3512980316160002
0.0, 0.17999999999999994, 0.3040066714240001
0.0, 0.19333333333333336, 0.27552731976700134
0.0, 0.21333333333333335, 0.23699789546438402
0.0, 0.24000000000000002, 0.19269992857600002
0.0, 0.26, 0.16420649017599998
0.0, 0.29333333333333333, 0.1245339138331742
0.0, 0.33333333333333337, 0.08779149519890257
0.0, 0.38, 0.056800235584
0.0, 0.43333333333333335, 0.03311051989026063
0.0, 0.4866666666666667, 0.018297712380927294
0.0, 0.5333333333333333, 0.010328581618655694
0.0, 0.5800000000000001, 0.0054890317439999945
0.0, 0.62, 0.0030109363840000003
0.0, 0.66, 0.001544804415999999
0.0, 0.7000000000000001, 7.289999999999991E-4
0.0, 0.74, 3.089157760000001E-4
0.0, 0.7733333333333334, 1.356206894705072E-4
0.0, 0.8133333333333334, 4.230587031001369E-5
0.0, 0.8466666666666667, 1.2996292038408773E-5
0.0, 0.8866666666666667, 2.119073272976675E-6
0.0, 0.9266666666666666, 1.555279890260631E-7
3.999999999999981E-4, 0.9604, 3.628410392018897E-9
0.013333333333333334, 0.0, 0.922619730810557
0.019999999999999907, 0.0, 0.8858423808640005
0.013155555555555531, 0.013155555555555531, 0.8521602749266077
0.006488888888888823, 0.02648888888888884, 0.8177465599740114
0.0, 0.039999999999999925, 0.7827577896960004
0.0, 0.04666666666666667, 0.7507038971829028
0.0, 0.05333333333333323, 0.7197513894930265
0.0, 0.060000000000000005, 0.6898697810559997
0.0, 0.06666666666666667, 0.6610292235939644
0.0, 0.08, 0.6063550013440001
0.0, 0.08666666666666667, 0.5804647462811742
0.0, 0.1, 0.531441
0.0, 0.10666666666666667, 0.5082545039289766
0.0, 0.12000000000000001, 0.464404086784
0.0, 0.13333333333333333, 0.42375277914952
0.0, 0.1466666666666666, 0.38611107916413734
0.0, 0.16, 0.35129803161599993
0.0, 0.17333333333333334, 0.31914096701243344
0.0, 0.18666666666666668, 0.2894752446950014
0.0, 0.2066666666666667, 0.24930685149243348
0.0, 0.22666666666666668, 0.2138948760771248
0.0, 0.2533333333333333, 0.17328484478981623
0.0, 0.2799999999999999, 0.1393140695040001
0.0, 0.31333333333333335, 0.10482763645796432
0.0, 0.35333333333333333, 0.07312785777154462
0.0, 0.39333333333333337, 0.04985409071416188
0.0, 0.4466666666666667, 0.028702584218951957
0.0, 0.49333333333333335, 0.016917414854408765
0.0, 0.54, 0.009474296895999995
0.0, 0.5800000000000001, 0.0054890317439999945
0.0, 0.62, 0.0030109363840000003
0.0, 0.66, 0.001544804415999999
0.0, 0.7000000000000001, 7.289999999999991E-4
0.0, 0.7400000000000001, 3.089157759999993E-4
0.0, 0.7733333333333334, 1.356206894705072E-4
0.0, 0.8133333333333334, 4.230587031001369E-5
0.0018666666666666656, 0.8485333333333335, 1.1209585688630743E-5
0.003199999999999997, 0.8898666666666667, 1.495128876310141E-6
0.001599999999999997, 0.9216000000000001, 2.05195258022067E-7
0.019999999999999907, 0.0, 0.8858423808640005
0.02666666666666667, 0.0, 0.8502949120435448
0.02648888888888884, 0.006488888888888823, 0.8177465599740114
0.01959999999999991, 0.01959999999999991, 0.7866797414368173
0.012888888888888889, 0.03288888888888889, 0.7549134410525957
0.0, 0.05333333333333323, 0.7197513894930265
0.0, 0.05999999999999994, 0.6898697810560003
0.0, 0.06666666666666667, 0.6610292235939644
0.0, 0.08, 0.6063550013440001
0.0, 0.08666666666666656, 0.5804647462811746
0.0, 0.09333333333333334, 0.5555023440711987
0.0, 0.10666666666666667, 0.5082545039289766
0.0, 0.12000000000000001, 0.464404086784
0.0, 0.1266666666666666, 0.4436905915418164
0.0, 0.14, 0.40456723513599996
0.0, 0.15333333333333335, 0.36836195684512485
0.0, 0.16666666666666663, 0.3348979766803842
0.0, 0.18666666666666668, 0.2894752446950014
0.0, 0.2, 0.2621440000000001
0.0, 0.22, 0.22519960070400005
0.0, 0.24000000000000002, 0.19269992857600002
0.0, 0.26666666666666666, 0.15552798902606318
0.0, 0.29333333333333333, 0.1245339138331742
0.0, 0.32666666666666666, 0.09319244120502607
0.0, 0.3666666666666667, 0.0645348161865569
0.0, 0.4133333333333334, 0.040770729155248285
0.0, 0.45333333333333325, 0.02668920023475448
0.0, 0.5, 0.015625
0.0, 0.54, 0.009474296895999995
0.0, 0.5866666666666667, 0.0049865776095692725
0.0, 0.62, 0.0030109363840000003
0.0, 0.66, 0.001544804415999999
0.0, 0.7000000000000001, 7.289999999999991E-4
0.0, 0.74, 3.089157760000001E-4
0.0014666666666666667, 0.7748, 1.254250141241671E-4
0.009333333333333327, 0.8160000000000001, 2.839619785867618E-5
0.005866666666666664, 0.8525333333333334, 8.060825508063207E-6
0.003599999999999997, 0.8836, 2.0599401283167144E-6
0.02666666666666667, 0.0, 0.8502949120435448
0.03333333333333333, 0.0, 0.8159441989026064
0.039999999999999925, 0.0, 0.7827577896960004
0.03288888888888889, 0.012888888888888889, 0.7549134410525957
0.025955555555555558, 0.025955555555555558, 0.7262637059076392
0.0192, 0.0392, 0.6969453085594658
0.006266666666666667, 0.0596, 0.6644360956008666
0.0, 0.07333333333333333, 0.6332004971773716
0.0, 0.08666666666666656, 0.5804647462811746
0.0, 0.09333333333333327, 0.5555023440711991
0.0, 0.10666666666666658, 0.508254503928977
0.0, 0.11333333333333334, 0.48591722173006324
0.0, 0.1266666666666666, 0.4436905915418164
0.0, 0.1399999999999999, 0.4045672351360003
0.0, 0.15333333333333335, 0.36836195684512485
0.0, 0.16666666666666663, 0.3348979766803842
0.0, 0.18000000000000002, 0.3040066714239999
0.0, 0.19333333333333336, 0.27552731976700134
0.0, 0.21333333333333326, 0.2369978954643842
0.0, 0.23333333333333328, 0.20306706310013725
0.0, 0.2533333333333333, 0.17328484478981623
0.0, 0.2799999999999999, 0.1393140695040001
0.0, 0.31333333333333324, 0.10482763645796442
0.0, 0.3466666666666667, 0.0777694271266063
0.0, 0.38, 0.056800235584
0.0, 0.42000000000000004, 0.038068692543999985
0.0, 0.4666666666666667, 0.023014013717421122
0.0, 0.5066666666666667, 0.014415933293914945
0.0, 0.5466666666666667, 0.008679724126112474
0.0, 0.5866666666666667, 0.0049865776095692725
0.0, 0.6266666666666667, 0.002707575699840876
0.0, 0.66, 0.001544804415999999
0.0, 0.7000000000000001, 7.289999999999991E-4
0.018666666666666654, 0.7453333333333334, 1.727714657935357E-4
0.013600000000000001, 0.7802666666666667, 7.671660177259713E-5
0.009999999999999998, 0.81, 3.401222399999999E-5
0.006399999999999997, 0.8464, 1.0172948830228554E-5
0.03333333333333333, 0.0, 0.8159441989026064
0.039999999999999925, 0.0, 0.7827577896960004
0.04666666666666667, 0.0, 0.7507038971829028
0.05333333333333323, 0.0, 0.7197513894930265
0.0392, 0.0192, 0.6969453085594658
0.032222222222222215, 0.032222222222222215, 0.6705288869480246
0.0252444444444444, 0.05191111111111102, 0.6176906288257465
0.01866666666666658, 0.06533333333333333, 0.5907079856214877
0.006088888888888889, 0.08608888888888888, 0.5597638613596536
0.0, 0.1, 0.531441
0.0, 0.11333333333333334, 0.48591722173006324
0.0, 0.12000000000000001, 0.464404086784
0.0, 0.13333333333333333, 0.42375277914952
0.0, 0.1466666666666666, 0.38611107916413734
0.0, 0.16, 0.35129803161599993
0.0, 0.17333333333333334, 0.31914096701243344
0.0, 0.18666666666666668, 0.2894752446950014
0.0, 0.2066666666666667, 0.24930685149243348
0.0, 0.22666666666666668, 0.2138948760771248
0.0, 0.2466666666666666, 0.18277765729352
0.0, 0.26666666666666666, 0.15552798902606318
0.0, 0.29333333333333333, 0.1245339138331742
0.0, 0.32666666666666666, 0.09319244120502607
0.0, 0.36, 0.06871947673600001
0.0, 0.39333333333333337, 0.04985409071416188
0.0, 0.43333333333333335, 0.03311051989026063
0.0, 0.4733333333333333, 0.021341011184285337
0.0, 0.5133333333333334, 0.01328585800068037
0.0, 0.5533333333333333, 0.00794147662389026
0.0, 0.5866666666666667, 0.0049865776095692725
0.002444444444444444, 0.6291111111111112, 0.002501681832280765
0.027200000000000002, 0.6738666666666667, 7.135855863851426E-4
0.024533333333333324, 0.7112, 3.406075893095267E-4
0.01959999999999999, 0.7396, 1.9495702792812617E-4
0.014400000000000001, 0.7744, 8.874900305098466E-5
0.009999999999999998, 0.81, 3.401222399999999E-5
0.04, 0.0, 0.7827577896959999
0.04666666666666667, 0.0, 0.7507038971829028
0.05333333333333323, 0.0, 0.7197513894930265
0.05999999999999994, 0.0, 0.6898697810560003
0.0596, 0.006266666666666667, 0.6644360956008666
0.05191111111111102, 0.0252444444444444, 0.6176906288257465
0.0448, 0.03813333333333334, 0.5948472368487316
0.03759999999999993, 0.05759999999999995, 0.5486754790548573
0.02453333333333329, 0.07786666666666663, 0.5229944298887583
0.01813333333333333, 0.09146666666666667, 0.4983229719452084
0.011822222222222201, 0.11182222222222218, 0.4529831682614506
0.0058222222222222226, 0.12582222222222222, 0.4287316278662833
0.0, 0.1466666666666666, 0.38611107916413734
0.0, 0.15333333333333335, 0.36836195684512485
0.0, 0.16666666666666669, 0.3348979766803839
0.0, 0.18666666666666668, 0.2894752446950014
0.0, 0.2, 0.2621440000000001
0.0, 0.22, 0.22519960070400005
0.0, 0.24000000000000002, 0.19269992857600002
0.0, 0.2599999999999999, 0.16420649017600014
0.0, 0.28, 0.13931406950399997
0.0, 0.3066666666666667, 0.11108424853737177
0.0, 0.33999999999999997, 0.08265395001600002
0.0, 0.37333333333333335, 0.06056469957144584
0.0, 0.4066666666666666, 0.04363073061934707
0.0, 0.44, 0.030840979456000017
0.0, 0.48000000000000004, 0.019770609664000006
0.0, 0.52, 0.012230590464000006
0.008666666666666626, 0.5553333333333333, 0.006869402054004741
0.027733333333333336, 0.6010666666666666, 0.0026160606316473437
0.03866666666666666, 0.6453333333333333, 9.956862178140161E-4
0.03239999999999999, 0.6724, 6.617563523819194E-4
0.025599999999999987, 0.7056, 3.772033892349729E-4
0.020533333333333327, 0.7338666666666667, 2.1946747891751273E-4
0.015199999999999993, 0.7685333333333334, 1.0231457837049604E-4
0.04666666666666667, 0.0, 0.7507038971829028
0.05333333333333334, 0.0, 0.719751389493026
0.060000000000000005, 0.0, 0.6898697810559997
0.06666666666666667, 0.0, 0.6610292235939644
0.07333333333333333, 0.0, 0.6332004971773716
0.06533333333333333, 0.01866666666666658, 0.5907079856214877
0.05759999999999995, 0.03759999999999993, 0.5486754790548573
0.05048888888888889, 0.05048888888888889, 0.5279861873416605
0.04324444444444442, 0.06991111111111104, 0.48650207689323177
0.036533333333333334, 0.0832, 0.4652490977844439
0.029777777777777775, 0.10311111111111103, 0.4250583066066117
0.017466666666666665, 0.12413333333333335, 0.40007208884732787
0.0172, 0.13720000000000002, 0.3655862437711156
0.011199999999999979, 0.1578666666666666, 0.329152446655216
0.0, 0.18000000000000002, 0.3040066714239999
0.0, 0.19333333333333336, 0.27552731976700134
0.0, 0.21333333333333326, 0.2369978954643842
0.0, 0.23333333333333328, 0.20306706310013725
0.0, 0.2533333333333333, 0.17328484478981623
0.0, 0.2733333333333333, 0.1472351263289767
0.0, 0.29333333333333333, 0.1245339138331742
0.0, 0.32, 0.09886748262399994
0.0, 0.35333333333333333, 0.07312785777154462
0.0, 0.3866666666666666, 0.053232812189322395
0.0, 0.41999999999999993, 0.03806869254400003
0.0, 0.45333333333333325, 0.02668920023475448
0.016444444444444442, 0.4897777777777778, 0.01449403297304732
0.03128888888888889, 0.5312888888888889, 0.007004950254825064
0.05199999999999999, 0.5786666666666667, 0.002538113470506076
0.04839999999999999, 0.6084, 0.001634118982954101
0.04133333333333333, 0.6346666666666667, 0.0011568313814261763
0.03359999999999999, 0.6669333333333334, 7.212584781891489E-4
0.02666666666666666, 0.7, 4.1701875366803825E-4
0.021511111111111102, 0.7281777777777778, 2.4596922238190094E-4
0.05333333333333334, 0.0, 0.719751389493026
0.060000000000000005, 0.0, 0.6898697810559997
0.06666666666666667, 0.0, 0.6610292235939644
0.08, 0.0, 0.6063550013440001
0.08666666666666656, 0.0, 0.5804647462811746
0.08608888888888888, 0.006088888888888889, 0.5597638613596536
0.07786666666666663, 0.02453333333333329, 0.5229944298887583
0.06991111111111104, 0.04324444444444442, 0.48650207689323177
0.06266666666666666, 0.05600000000000001, 0.46864196633822186
0.055200000000000006, 0.0752, 0.4324313649109909
0.04799999999999991, 0.09466666666666665, 0.3970985097216443
0.04106666666666664, 0.1144, 0.3628279824594501
0.03439999999999994, 0.1343999999999999, 0.3297867534116948
0.027999999999999997, 0.1546666666666666, 0.29812285165181224
0.021866666666666628, 0.17519999999999994, 0.26796429287302603
0.015999999999999927, 0.19599999999999998, 0.23941827915419264
0.01039999999999998, 0.21706666666666666, 0.21257068148488145
0.010133333333333314, 0.2368, 0.18238980033746402
0.009866666666666668, 0.25653333333333334, 0.15586763145517873
0.004755555555555507, 0.28475555555555554, 0.12863043642332278
0.004622222222222223, 0.30462222222222224, 0.10862913443923186
0.008888888888888889, 0.32888888888888895, 0.08433784540281558
0.012666666666666666, 0.35933333333333334, 0.06134199022161511
0.019777777777777776, 0.3931111111111111, 0.04095640199382515
0.02582222222222222, 0.42582222222222227, 0.02718776370903616
0.03946666666666665, 0.4661333333333333, 0.014603964631444888
0.05511111111111111, 0.5084444444444445, 0.006911523962183445
0.06759999999999998, 0.5476000000000001, 0.0032464624215651455
0.05919999999999999, 0.5725333333333334, 0.002494448058395944
0.05137777777777776, 0.5980444444444445, 0.001856548516338458
0.042711111111111116, 0.6293777777777778, 0.0012431879635643817
0.03484444444444444, 0.6615111111111112, 7.837761382416768E-4
0.027777777777777776, 0.6944444444444444, 4.593936579977835E-4
0.06666666666666667, 0.0, 0.6610292235939644
0.07333333333333325, 0.0, 0.633200497177372
0.08, 0.0, 0.6063550013440001
0.08666666666666656, 0.0, 0.5804647462811746
0.09333333333333327, 0.0, 0.5555023440711991
0.1, 0.0, 0.531441
0.09146666666666667, 0.01813333333333333, 0.4983229719452084
0.0832, 0.036533333333333334, 0.4652490977844439
0.0752, 0.055200000000000006, 0.4324313649109909
0.07413333333333333, 0.06746666666666667, 0.4000720888473282
0.06648888888888889, 0.08648888888888889, 0.3692910879447636
0.059111111111111114, 0.10577777777777779, 0.3392075982853096
0.05159999999999996, 0.1315999999999999, 0.29695755204830765
0.05079999999999995, 0.14413333333333334, 0.2722645335348685
0.04408888888888889, 0.1640888888888889, 0.24647116364381572
0.037333333333333336, 0.19066666666666668, 0.2116916860897241
0.0364, 0.20973333333333335, 0.18355543341997554
0.03546666666666667, 0.22880000000000003, 0.15860708978438112
0.029333333333333336, 0.256, 0.13323586867795767
0.03297777777777775, 0.2796444444444445, 0.10548068133505728
0.03173333333333333, 0.3050666666666667, 0.08508776285626396
0.034488888888888895, 0.3344888888888889, 0.06313467110112053
0.040444444444444436, 0.3671111111111111, 0.0432400102086447
0.052266666666666635, 0.3989333333333333, 0.027320246669480738
0.06577777777777777, 0.4391111111111112, 0.01473045074843431
0.08248888888888888, 0.4824888888888889, 0.006777486409850314
0.08026666666666667, 0.5136000000000001, 0.004487575968417497
0.0711111111111111, 0.5377777777777779, 0.0035793232728887365
0.062488888888888885, 0.5624888888888889, 0.002781903222667826
0.05288888888888888, 0.5928888888888889, 0.001975398955094159
0.04408888888888888, 0.6240888888888889, 0.0013348510420983122
0.03737777777777777, 0.6507111111111111, 9.208419049597668E-4
0.07333333333333333, 0.0, 0.6332004971773716
0.08, 0.0, 0.6063550013440001
0.08666666666666667, 0.0, 0.5804647462811742
0.09333333333333334, 0.0, 0.5555023440711987
0.10666666666666658, 0.0, 0.508254503928977
0.11333333333333334, 0.0, 0.48591722173006324
0.11182222222222218, 0.011822222222222201, 0.4529831682614506
0.10311111111111103, 0.029777777777777775, 0.4250583066066117
0.09466666666666665, 0.04799999999999991, 0.3970985097216443
0.08648888888888889, 0.06648888888888889, 0.3692910879447636
0.08462222222222217, 0.08462222222222217, 0.3287301405681048
0.07684444444444445, 0.10351111111111112, 0.3032166166198154
0.07511111111111102, 0.12177777777777776, 0.26832047043776924
0.06773333333333334, 0.1410666666666667, 0.24531136640462767
0.06013333333333327, 0.16679999999999995, 0.2134527162798175
0.05866666666666667, 0.18533333333333335, 0.18669417722003867
0.05671111111111105, 0.21004444444444437, 0.15541491203191882
0.054755555555555495, 0.23475555555555555, 0.1286304364233229
0.05759999999999998, 0.25759999999999994, 0.10312940450089651
0.05546666666666664, 0.28213333333333335, 0.08447378280133602
0.061599999999999995, 0.3082666666666667, 0.0626029391521919
0.0695111111111111, 0.3428444444444445, 0.04118013900697172
0.07555555555555556, 0.3755555555555556, 0.027346807710956912
0.0888, 0.41546666666666665, 0.01484187372444674
0.10453333333333334, 0.45786666666666664, 0.007022049392849407
0.09404444444444444, 0.48071111111111114, 0.005913326939581916
0.0840888888888889, 0.5040888888888889, 0.0048781894939460835
0.07471111111111112, 0.5280444444444444, 0.0039295877681834275
0.06417777777777778, 0.5575111111111111, 0.0029315316072911555
0.054444444444444434, 0.5877777777777777, 0.0020973947352904716
0.046933333333333334, 0.6136, 0.0015303219782116277
0.08, 0.0, 0.6063550013440001
0.09333333333333327, 0.0, 0.5555023440711991
0.1, 0.0, 0.531441
0.10666666666666667, 0.0, 0.5082545039289766
0.11333333333333334, 0.0, 0.48591722173006324
0.12000000000000001, 0.0, 0.464404086784
0.12582222222222222, 0.0058222222222222226, 0.4287316278662833
0.12413333333333335, 0.017466666666666665, 0.40007208884732787
0.1144, 0.04106666666666664, 0.3628279824594501
0.10577777777777779, 0.059111111111111114, 0.3392075982853096
0.10351111111111112, 0.07684444444444445, 0.3032166166198154
0.10124444444444441, 0.0945777777777777, 0.2704658312605117
0.09244444444444437, 0.1191111111111111, 0.24022963659027363
0.09031111111111104, 0.13697777777777778, 0.21286435495755493
0.082, 0.16200000000000003, 0.18669417722003867
0.07933333333333334, 0.18600000000000003, 0.1572323888505338
0.08177777777777771, 0.20844444444444443, 0.12785990816367207
0.07893333333333334, 0.23226666666666668, 0.10679694526938324
0.0848, 0.2581333333333333, 0.08047419009812178
0.0852888888888889, 0.28528888888888887, 0.06218024539178833
0.09191111111111112, 0.3185777777777778, 0.04197125646345023
0.10319999999999997, 0.34986666666666666, 0.02676741029099926
0.11511111111111111, 0.3884444444444444, 0.014970073409691876
0.12248888888888887, 0.4224888888888889, 0.008875557514575888
0.1111111111111111, 0.4444444444444445, 0.007707346629258937
0.09817777777777775, 0.47151111111111116, 0.006348854308861348
0.08800000000000001, 0.49466666666666664, 0.00528321695010321
0.07839999999999998, 0.5184000000000001, 0.004296582355504616
0.06759999999999998, 0.5476000000000001, 0.0032464624215651455
0.057600000000000005, 0.5776, 0.002356833908855107
0.09333333333333327, 0.0, 0.5555023440711991
0.1, 0.0, 0.531441
0.10666666666666667, 0.0, 0.5082545039289766
0.12000000000000001, 0.0, 0.464404086784
0.1266666666666666, 0.0, 0.4436905915418164
0.13333333333333333, 0.0, 0.42375277914952
0.1466666666666666, 0.0, 0.38611107916413734
0.13720000000000002, 0.0172, 0.3655862437711156
0.1343999999999999, 0.03439999999999994, 0.3297867534116948
0.1315999999999999, 0.05159999999999996, 0.29695755204830765
0.12177777777777776, 0.07511111111111102, 0.26832047043776924
0.1191111111111111, 0.09244444444444437, 0.24022963659027363
0.11644444444444443, 0.1097777777777778, 0.21463350515263288
0.11288888888888887, 0.1328888888888889, 0.18407548153013883
0.10933333333333332, 0.15600000000000003, 0.1572323888505338
0.10577777777777778, 0.17911111111111114, 0.13373379101317634
0.10639999999999993, 0.20640000000000003, 0.10531710315862923
0.10657777777777777, 0.23324444444444445, 0.08278762214405724
0.10986666666666663, 0.26319999999999993, 0.060719497443797066
0.11946666666666665, 0.2928, 0.04121752734283437
0.1276, 0.32759999999999995, 0.026147043741998815
0.13951111111111109, 0.36617777777777777, 0.014588217703683124
0.13937777777777777, 0.3927111111111112, 0.010494944564979835
0.1272, 0.4138666666666667, 0.009343242385358646
0.1156, 0.4356, 0.008171787967011842
0.10239999999999999, 0.4624, 0.00679412167212685
0.09200000000000001, 0.48533333333333334, 0.005701485090302844
0.08026666666666667, 0.5136000000000001, 0.004487575968417497
0.0711111111111111, 0.5377777777777779, 0.0035793232728887365
0.1, 0.0, 0.531441
0.11333333333333334, 0.0, 0.48591722173006324
0.12000000000000001, 0.0, 0.464404086784
0.1266666666666666, 0.0, 0.4436905915418164
0.1399999999999999, 0.0, 0.4045672351360003
0.1466666666666666, 0.0, 0.38611107916413734
0.15333333333333335, 0.0, 0.36836195684512485
0.1578666666666666, 0.011199999999999979, 0.329152446655216
0.1546666666666666, 0.027999999999999997, 0.29812285165181224
0.14413333333333334, 0.05079999999999995, 0.2722645335348685
0.1410666666666667, 0.06773333333333334, 0.24531136640462767
0.13697777777777778, 0.09031111111111104, 0.21286435495755493
0.1328888888888889, 0.11288888888888887, 0.18407548153013883
0.1354666666666666, 0.1288, 0.15860708978438112
0.13013333333333335, 0.1568, 0.13145612045327873
0.13000000000000003, 0.18333333333333332, 0.10482763645796432
0.13439999999999996, 0.20773333333333333, 0.08106386204747111
0.13662222222222217, 0.23662222222222226, 0.06061626227823516
0.14079999999999998, 0.2674666666666667, 0.04292953724089846
0.15031111111111112, 0.30364444444444444, 0.026507450387349977
0.16546666666666665, 0.3388, 0.014841873724446751
0.15733333333333333, 0.36400000000000005, 0.01202815763523053
0.1444, 0.3844, 0.010945401340136775
0.132, 0.4053333333333333, 0.009808650687120984
0.12017777777777779, 0.4268444444444444, 0.00863895837154096
0.10888888888888887, 0.44888888888888895, 0.007478997289112548
0.09608888888888888, 0.47608888888888895, 0.006131687815537455
0.0840888888888889, 0.5040888888888889, 0.0048781894939460835
0.11333333333333334, 0.0, 0.48591722173006324
0.12000000000000001, 0.0, 0.464404086784
0.13333333333333333, 0.0, 0.42375277914952
0.14, 0.0, 0.40456723513599996
0.15333333333333335, 0.0, 0.36836195684512485
0.16, 0.0, 0.35129803161599993
0.16666666666666669, 0.0, 0.3348979766803839
0.18000000000000002, 0.0, 0.3040066714239999
0.17519999999999994, 0.021866666666666628, 0.26796429287302603
0.1640888888888889, 0.04408888888888889, 0.24647116364381572
0.16679999999999995, 0.06013333333333327, 0.2134527162798175
0.16200000000000003, 0.082, 0.18669417722003867
0.15600000000000003, 0.10933333333333332, 0.1572323888505338
0.1568, 0.13013333333333335, 0.13145612045327873
0.15595555555555557, 0.15595555555555557, 0.10613711292674669
0.15982222222222223, 0.17982222222222224, 0.08292147437465504
0.15986666666666666, 0.2132, 0.06071949744379713
0.16773333333333332, 0.24106666666666665, 0.04269790359499033
0.1758222222222222, 0.27582222222222225, 0.02718776370903616
0.18880000000000002, 0.3154666666666667, 0.014841873724446751
0.1792, 0.33253333333333335, 0.013550098724531646
0.16537777777777776, 0.35204444444444444, 0.012630016422257175
0.1520888888888889, 0.37208888888888886, 0.011605619442929867
0.13937777777777777, 0.3927111111111112, 0.010494944564979835
0.1272, 0.4138666666666667, 0.009343242385358646
0.11333333333333334, 0.44, 0.00794147662389026
0.10026666666666666, 0.46693333333333337, 0.006572392820888628
0.12666666666666668, 0.0, 0.44369059154181606
0.13333333333333333, 0.0, 0.42375277914952
0.1466666666666666, 0.0, 0.38611107916413734
0.15333333333333335, 0.0, 0.36836195684512485
0.16666666666666663, 0.0, 0.3348979766803842
0.17333333333333334, 0.0, 0.31914096701243344
0.18666666666666668, 0.0, 0.2894752446950014
0.19333333333333336, 0.0, 0.27552731976700134
0.19599999999999998, 0.015999999999999927, 0.23941827915419264
0.19066666666666668, 0.037333333333333336, 0.2116916860897241
0.18533333333333335, 0.05866666666666667, 0.1866941772200385
0.18600000000000003, 0.07933333333333334, 0.1572323888505338
0.17911111111111114, 0.10577777777777778, 0.13373379101317634
0.18333333333333332, 0.13000000000000003, 0.10482763645796432
0.17982222222222224, 0.15982222222222223, 0.08292147437465504
0.18582222222222222, 0.18582222222222222, 0.06155066582577351
0.19133333333333336, 0.218, 0.042467312402759284
0.20053333333333334, 0.25386666666666663, 0.026378261535503607
0.21466666666666667, 0.28800000000000003, 0.015131619448484708
0.19951111111111114, 0.3061777777777777, 0.014588217703683114
0.1877777777777778, 0.32111111111111107, 0.014030674822583399
0.1736, 0.3402666666666667, 0.013198737924849126
0.15999999999999998, 0.36000000000000004, 0.012230590463999998
0.1469333333333333, 0.3802666666666667, 0.011170299232218
0.13199999999999998, 0.4053333333333333, 0.009808650687120984
0.12017777777777779, 0.4268444444444444, 0.00863895837154096
0.14, 0.0, 0.40456723513599996
0.1466666666666666, 0.0, 0.38611107916413734
0.16, 0.0, 0.35129803161599993
0.16666666666666663, 0.0, 0.3348979766803842
0.18000000000000002, 0.0, 0.3040066714239999
0.18666666666666668, 0.0, 0.2894752446950014
0.2, 0.0, 0.2621440000000001
0.21333333333333326, 0.0, 0.2369978954643842
0.21706666666666666, 0.01039999999999998, 0.21257068148488145
0.20973333333333335, 0.0364, 0.18355543341997554
0.21004444444444437, 0.05671111111111105, 0.15541491203191882
0.20844444444444443, 0.08177777777777771, 0.12785990816367207
0.20640000000000003, 0.10639999999999993, 0.10531710315862923
0.20773333333333333, 0.13439999999999996, 0.08106386204747111
0.2132, 0.15986666666666666, 0.06071949744379713
0.218, 0.19133333333333336, 0.042467312402759236
0.2264888888888889, 0.2264888888888889, 0.026793522712650987
0.2368444444444444, 0.26351111111111114, 0.015558451739538653
0.22404444444444443, 0.2773777777777778, 0.015360222453075572
0.21159999999999998, 0.2916, 0.015034518472210445
0.19653333333333334, 0.3098666666666667, 0.014462750899312461
0.18204444444444445, 0.32871111111111107, 0.013713724378847707
0.1680888888888889, 0.34808888888888884, 0.012826698049229954
0.1547111111111111, 0.36804444444444445, 0.011815314579546859
0.13937777777777777, 0.3927111111111112, 0.010494944564979835
0.15333333333333335, 0.0, 0.36836195684512485
0.15999999999999992, 0.0, 0.3512980316160002
0.17333333333333334, 0.0, 0.31914096701243344
0.18666666666666668, 0.0, 0.2894752446950014
0.19333333333333336, 0.0, 0.27552731976700134
0.2066666666666667, 0.0, 0.24930685149243348
0.22, 0.0, 0.22519960070400005
0.23333333333333328, 0.0, 0.20306706310013725
0.2368, 0.010133333333333314, 0.18238980033746402
0.22880000000000003, 0.03546666666666667, 0.15860708978438112
0.23475555555555555, 0.054755555555555495, 0.1286304364233229
0.23226666666666668, 0.07893333333333334, 0.10679694526938324
0.23324444444444445, 0.10657777777777777, 0.08278762214405724
0.23662222222222226, 0.13662222222222217, 0.06061626227823516
0.24106666666666665, 0.16773333333333332, 0.04269790359499033
0.25386666666666663, 0.20053333333333334, 0.026378261535503572
0.26351111111111114, 0.2368444444444444, 0.015558451739538653
0.25, 0.25, 0.015625
0.2368444444444444, 0.26351111111111114, 0.015558451739538653
0.22404444444444443, 0.2773777777777778, 0.015360222453075572
0.2085333333333333, 0.2952000000000001, 0.014937937307048907
0.19359999999999997, 0.31360000000000005, 0.014322676899787787
0.1792, 0.33253333333333335, 0.013550098724531646
0.16266666666666665, 0.35600000000000004, 0.012435854469814808
0.16666666666666663, 0.0, 0.3348979766803842
0.17999999999999994, 0.0, 0.3040066714240001
0.18666666666666668, 0.0, 0.2894752446950014
0.2, 0.0, 0.2621440000000001
0.21333333333333326, 0.0, 0.2369978954643842
0.22666666666666668, 0.0, 0.2138948760771248
0.24000000000000002, 0.0, 0.19269992857600002
0.2533333333333333, 0.0, 0.17328484478981623
0.25653333333333334, 0.009866666666666668, 0.15586763145517873
0.256, 0.029333333333333336, 0.13323586867795767
0.25759999999999994, 0.05759999999999998, 0.10312940450089651
0.2581333333333333, 0.0848, 0.08047419009812178
0.26319999999999993, 0.10986666666666663, 0.060719497443797066
0.2674666666666667, 0.14079999999999998, 0.04292953724089846
0.27582222222222225, 0.1758222222222222, 0.027187763709036195
0.28800000000000003, 0.21466666666666667, 0.015131619448484719
0.2773777777777778, 0.22404444444444443, 0.015360222453075572
0.26351111111111114, 0.2368444444444444, 0.015558451739538653
0.25, 0.25, 0.015625
0.2368444444444444, 0.26351111111111114, 0.015558451739538653
0.22088888888888886, 0.2808888888888889, 0.015294615620394863
0.2055111111111111, 0.29884444444444447, 0.014825913291791693
0.1877777777777778, 0.32111111111111107, 0.014030674822583399
0.18000000000000002, 0.0, 0.3040066714239999
0.19333333333333336, 0.0, 0.27552731976700134
0.2066666666666667, 0.0, 0.24930685149243348
0.22, 0.0, 0.22519960070400005
0.23333333333333328, 0.0, 0.20306706310013725
0.2466666666666666, 0.0, 0.18277765729352
0.2599999999999999, 0.0, 0.16420649017600014
0.2733333333333333, 0.0, 0.1472351263289767
0.28475555555555554, 0.004755555555555507, 0.12863043642332278
0.2796444444444445, 0.03297777777777775, 0.10548068133505728
0.2821333333333334, 0.05546666666666667, 0.08447378280133602
0.28528888888888887, 0.0852888888888889, 0.06218024539178833
0.2928, 0.11946666666666665, 0.04121752734283437
0.30364444444444444, 0.15031111111111112, 0.026507450387349977
0.3154666666666667, 0.18880000000000002, 0.014841873724446761
0.3061777777777777, 0.19951111111111114, 0.014588217703683104
0.2916, 0.21159999999999998, 0.015034518472210455
0.2773777777777778, 0.22404444444444443, 0.015360222453075572
0.26351111111111114, 0.2368444444444444, 0.015558451739538653
0.25, 0.25, 0.015625
0.2336, 0.26693333333333336, 0.015525266287710676
0.2177777777777778, 0.28444444444444444, 0.015212935619407729
0.2, 0.0, 0.2621440000000001
0.21333333333333335, 0.0, 0.23699789546438402
0.22666666666666668, 0.0, 0.2138948760771248
0.24000000000000002, 0.0, 0.19269992857600002
0.2533333333333333, 0.0, 0.17328484478981623
0.26666666666666666, 0.0, 0.15552798902606318
0.28, 0.0, 0.13931406950399997
0.29333333333333333, 0.0, 0.1245339138331742
0.30462222222222224, 0.004622222222222223, 0.10862913443923175
0.3050666666666667, 0.03173333333333333, 0.08508776285626396
0.3082666666666667, 0.061599999999999995, 0.06260293915219195
0.3185777777777778, 0.09191111111111112, 0.04197125646345023
0.32759999999999995, 0.1276, 0.026147043741998815
0.3388, 0.16546666666666665, 0.01484187372444674
0.33253333333333335, 0.1792, 0.013550098724531646
0.32111111111111107, 0.1877777777777778, 0.014030674822583399
0.3098666666666666, 0.19653333333333334, 0.014462750899312453
0.2952, 0.20853333333333332, 0.014937937307048907
0.2808888888888889, 0.22088888888888886, 0.015294615620394863
0.26693333333333336, 0.2336, 0.015525266287710676
0.25, 0.25, 0.015625
0.22, 0.0, 0.22519960070400005
0.24000000000000002, 0.0, 0.19269992857600002
0.2533333333333333, 0.0, 0.17328484478981623
0.26666666666666666, 0.0, 0.15552798902606318
0.2799999999999999, 0.0, 0.1393140695040001
0.29333333333333333, 0.0, 0.1245339138331742
0.3066666666666667, 0.0, 0.11108424853737177
0.32, 0.0, 0.09886748262399994
0.32888888888888895, 0.008888888888888889, 0.08433784540281558
0.3344888888888889, 0.034488888888888895, 0.06313467110112046
0.3428444444444445, 0.0695111111111111, 0.04118013900697172
0.34986666666666666, 0.10319999999999997, 0.02676741029099926
0.36617777777777777, 0.13951111111111109, 0.014588217703683124
0.36400000000000005, 0.15733333333333333, 0.01202815763523054
0.35204444444444444, 0.16537777777777776, 0.012630016422257166
0.3402666666666667, 0.1736, 0.013198737924849135
0.32871111111111107, 0.18204444444444445, 0.013713724378847698
0.31360000000000005, 0.19359999999999997, 0.014322676899787798
0.29884444444444447, 0.2055111111111111, 0.014825913291791693
0.28444444444444444, 0.2177777777777778, 0.015212935619407729
0.24666666666666667, 0.0, 0.18277765729351983
0.26, 0.0, 0.16420649017599998
0.2799999999999999, 0.0, 0.1393140695040001
0.29333333333333333, 0.0, 0.1245339138331742
0.31333333333333324, 0.0, 0.10482763645796442
0.32666666666666666, 0.0, 0.09319244120502607
0.33999999999999997, 0.0, 0.08265395001600002
0.35333333333333333, 0.0, 0.07312785777154462
0.35933333333333334, 0.012666666666666666, 0.06134199022161511
0.3671111111111111, 0.040444444444444436, 0.0432400102086447
0.3755555555555556, 0.07555555555555556, 0.027346807710956912
0.3884444444444444, 0.11511111111111111, 0.014970073409691868
0.3927111111111112, 0.13937777777777777, 0.010494944564979843
0.3844, 0.1444, 0.010945401340136775
0.37208888888888886, 0.1520888888888889, 0.011605619442929867
0.36000000000000004, 0.15999999999999998, 0.012230590463999998
0.34808888888888884, 0.1680888888888889, 0.012826698049229946
0.33253333333333335, 0.1792, 0.013550098724531646
0.32111111111111107, 0.1877777777777778, 0.014030674822583399
0.2733333333333334, 0.0, 0.14723512632897656
0.29333333333333333, 0.0, 0.1245339138331742
0.31333333333333335, 0.0, 0.10482763645796432
0.32666666666666666, 0.0, 0.09319244120502607
0.3466666666666667, 0.0, 0.0777694271266063
0.36, 0.0, 0.06871947673600001
0.37333333333333335, 0.0, 0.06056469957144584
0.3866666666666666, 0.0, 0.053232812189322395
0.3931111111111111, 0.019777777777777776, 0.04095640199382515
0.3989333333333333, 0.052266666666666635, 0.027320246669480738
0.41546666666666665, 0.0888, 0.01484187372444674
0.4224888888888889, 0.12248888888888887, 0.008875557514575888
0.4138666666666667, 0.1272, 0.009343242385358653
0.4053333333333333, 0.132, 0.009808650687120984
0.3927111111111112, 0.13937777777777777, 0.010494944564979843
0.3802666666666667, 0.1469333333333333, 0.011170299232218
0.36804444444444445, 0.1547111111111111, 0.011815314579546867
0.35600000000000004, 0.16266666666666665, 0.012435854469814808
0.31333333333333335, 0.0, 0.10482763645796432
0.33333333333333337, 0.0, 0.08779149519890257
0.35333333333333333, 0.0, 0.07312785777154462
0.3666666666666667, 0.0, 0.0645348161865569
0.38, 0.0, 0.056800235584
0.39333333333333337, 0.0, 0.04985409071416188
0.4066666666666666, 0.0, 0.04363073061934707
0.41999999999999993, 0.0, 0.03806869254400003
0.42582222222222227, 0.02582222222222222, 0.02718776370903616
0.4391111111111112, 0.06577777777777777, 0.01473045074843431
0.45786666666666664, 0.10453333333333334, 0.007022049392849402
0.4444444444444445, 0.1111111111111111, 0.007707346629258937
0.4356, 0.1156, 0.008171787967011837
0.4268444444444444, 0.12017777777777779, 0.00863895837154096
0.41386666666666666, 0.1272, 0.009343242385358639
0.4053333333333333, 0.13199999999999998, 0.009808650687120977
0.3927111111111112, 0.13937777777777777, 0.010494944564979843
0.36000000000000004, 0.0, 0.06871947673599994
0.38, 0.0, 0.056800235584
0.39333333333333337, 0.0, 0.04985409071416188
0.4133333333333334, 0.0, 0.040770729155248285
0.42000000000000004, 0.0, 0.038068692543999985
0.43333333333333335, 0.0, 0.03311051989026063
0.44, 0.0, 0.030840979456000017
0.45333333333333325, 0.0, 0.02668920023475448
0.4661333333333333, 0.03946666666666665, 0.01460396463144488
0.4824888888888889, 0.08248888888888888, 0.006777486409850309
0.48071111111111114, 0.09404444444444444, 0.00591332693958192
0.47151111111111116, 0.09817777777777775, 0.006348854308861348
0.4624, 0.10239999999999999, 0.006794121672126845
0.44888888888888895, 0.10888888888888887, 0.007478997289112548
0.44, 0.11333333333333334, 0.00794147662389026
0.4268444444444444, 0.12017777777777779, 0.00863895837154096
0.4133333333333334, 0.0, 0.040770729155248285
0.43333333333333335, 0.0, 0.03311051989026063
0.4466666666666667, 0.0, 0.028702584218951957
0.45333333333333325, 0.0, 0.02668920023475448
0.4666666666666667, 0.0, 0.023014013717421122
0.4733333333333333, 0.0, 0.021341011184285337
0.48000000000000004, 0.0, 0.019770609664000006
0.4897777777777778, 0.016444444444444442, 0.01449403297304732
0.5084444444444445, 0.05511111111111111, 0.006911523962183445
0.5136000000000001, 0.08026666666666667, 0.004487575968417497
0.5040888888888889, 0.0840888888888889, 0.004878189493946087
0.49466666666666664, 0.08800000000000001, 0.00528321695010321
0.48533333333333334, 0.09200000000000001, 0.005701485090302844
0.47608888888888895, 0.09608888888888888, 0.00613168781553746
0.46693333333333337, 0.10026666666666666, 0.006572392820888628
0.4733333333333333, 0.0, 0.021341011184285337
0.4866666666666667, 0.0, 0.018297712380927294
0.49333333333333335, 0.0, 0.016917414854408765
0.5, 0.0, 0.015625
0.5066666666666667, 0.0, 0.014415933293914945
0.5133333333333334, 0.0, 0.01328585800068037
0.52, 0.0, 0.012230590464000015
0.5312888888888889, 0.03128888888888889, 0.007004950254825064
0.5476000000000001, 0.06759999999999998, 0.0032464624215651455
0.5377777777777779, 0.0711111111111111, 0.0035793232728887395
0.5280444444444444, 0.07471111111111112, 0.003929587768183424
0.5184000000000001, 0.07839999999999998, 0.004296582355504616
0.5136000000000001, 0.08026666666666667, 0.004487575968417497
0.5040888888888889, 0.0840888888888889, 0.004878189493946087
0.5266666666666666, 0.0, 0.01124611546082854
0.5333333333333333, 0.0, 0.010328581618655694
0.54, 0.0, 0.009474296895999995
0.54, 0.0, 0.009474296895999995
0.5466666666666667, 0.0, 0.008679724126112474
0.5533333333333333, 0.0, 0.00794147662389026
0.5553333333333333, 0.008666666666666626, 0.006869402054004741
0.5786666666666667, 0.05199999999999999, 0.002538113470506076
0.5725333333333334, 0.05919999999999999, 0.0024944480583959463
0.5624888888888889, 0.062488888888888885, 0.0027819032226678235
0.5575111111111111, 0.06417777777777778, 0.002931531607291153
0.5476000000000001, 0.06759999999999998, 0.0032464624215651455
0.5377777777777779, 0.0711111111111111, 0.0035793232728887395
0.5733333333333334, 0.0, 0.006032985611939641
0.5800000000000001, 0.0, 0.0054890317439999945
0.5800000000000001, 0.0, 0.0054890317439999945
0.5866666666666667, 0.0, 0.0049865776095692725
0.5866666666666667, 0.0, 0.0049865776095692725
0.5866666666666667, 0.0, 0.0049865776095692725
0.6010666666666666, 0.027733333333333336, 0.002616060631647348
0.6084, 0.04839999999999999, 0.0016341189829541026
0.5980444444444445, 0.05137777777777776, 0.001856548516338458
0.5928888888888889, 0.05288888888888888, 0.001975398955094159
0.5877777777777777, 0.054444444444444434, 0.0020973947352904694
0.5776, 0.057600000000000005, 0.002356833908855107
0.62, 0.0, 0.0030109363840000003
0.62, 0.0, 0.0030109363840000003
0.62, 0.0, 0.0030109363840000003
0.62, 0.0, 0.0030109363840000003
0.6266666666666667, 0.0, 0.002707575699840876
0.6291111111111112, 0.002444444444444444, 0.002501681832280763
0.6453333333333333, 0.03866666666666666, 9.956862178140161E-4
0.6346666666666667, 0.04133333333333333, 0.0011568313814261774
0.6293777777777778, 0.042711111111111116, 0.0012431879635643817
0.6240888888888889, 0.04408888888888888, 0.0013348510420983122
0.6136, 0.046933333333333334, 0.0015303219782116261
0.66, 0.0, 0.001544804415999999
0.66, 0.0, 0.001544804415999999
0.66, 0.0, 0.001544804415999999
0.66, 0.0, 0.001544804415999999
0.66, 0.0, 0.001544804415999999
0.6738666666666667, 0.027200000000000002, 7.135855863851433E-4
0.6724, 0.03239999999999999, 6.617563523819187E-4
0.6669333333333334, 0.03359999999999999, 7.212584781891489E-4
0.6615111111111112, 0.03484444444444444, 7.837761382416777E-4
0.6507111111111111, 0.03737777777777777, 9.208419049597668E-4
0.7000000000000001, 0.0, 7.289999999999991E-4
0.7000000000000001, 0.0, 7.289999999999991E-4
0.7000000000000001, 0.0, 7.289999999999991E-4
0.7000000000000001, 0.0, 7.289999999999991E-4
0.7000000000000001, 0.0, 7.289999999999991E-4
0.7112, 0.024533333333333324, 3.406075893095267E-4
0.7056, 0.025599999999999987, 3.772033892349729E-4
0.7, 0.02666666666666666, 4.1701875366803777E-4
0.6944444444444444, 0.027777777777777776, 4.5939365799778294E-4
0.7400000000000001, 0.0, 3.089157759999993E-4
0.74, 0.0, 3.089157760000001E-4
0.7400000000000001, 0.0, 3.089157759999993E-4
0.74, 0.0, 3.089157760000001E-4
0.7453333333333334, 0.018666666666666654, 1.7277146579353583E-4
0.7396, 0.01959999999999999, 1.9495702792812617E-4
0.7338666666666667, 0.020533333333333327, 2.1946747891751273E-4
0.7281777777777778, 0.021511111111111102, 2.459692223819006E-4
0.7733333333333334, 0.0, 1.356206894705072E-4
0.7733333333333334, 0.0, 1.356206894705072E-4
0.7733333333333334, 0.0, 1.356206894705072E-4
0.7748, 0.0014666666666666667, 1.2542501412416692E-4
0.7802666666666667, 0.013600000000000001, 7.671660177259726E-5
0.7744, 0.014400000000000001, 8.874900305098473E-5
0.7685333333333334, 0.015199999999999993, 1.0231457837049612E-4
0.8133333333333334, 0.0, 4.230587031001369E-5
0.8133333333333334, 0.0, 4.230587031001369E-5
0.8133333333333334, 0.0, 4.230587031001369E-5
0.8160000000000001, 0.009333333333333327, 2.8396197858676207E-5
0.81, 0.009999999999999998, 3.4012224000000025E-5
0.81, 0.009999999999999998, 3.4012224000000025E-5
0.8466666666666667, 0.0, 1.2996292038408773E-5
0.8466666666666667, 0.0, 1.2996292038408773E-5
0.8485333333333335, 0.0018666666666666656, 1.1209585688630755E-5
0.8525333333333334, 0.005866666666666664, 8.060825508063199E-6
0.8464, 0.006399999999999997, 1.0172948830228578E-5
0.8866666666666667, 0.0, 2.119073272976675E-6
0.8866666666666667, 0.0, 2.119073272976675E-6
0.8898666666666667, 0.003199999999999997, 1.4951288763101399E-6
0.8836, 0.003599999999999997, 2.059940128316708E-6
0.9266666666666667, 0.0, 1.5552798902606204E-7
0.9266666666666666, 0.0, 1.5552798902606276E-7
0.9216000000000001, 0.001599999999999997, 2.0519525802206655E-7
0.9600000000000001, 0.0, 4.095999999999954E-9
0.9604, 3.999999999999981E-4, 3.6284103920188854E-9
1.0, 0.0, 0.0
