4.7984416461956114E-18, 0.99999953161169
0.006666812176003678, 0.9999555590841855
0.01314190601151465, 0.9998273072930804
0.019610513493850706, 0.9996154349838217
0.02599312371486595, 0.9993243583047446
0.03229752271169866, 0.9989568702992734
0.03857760366056204, 0.9985117834972047
0.044654195339259184, 0.998006003708465
0.050758943255916456, 0.9974235334699595
0.05676619862505145, 0.9967775989872286
0.06273635424398183, 0.9960641522535212
0.06863853847840451, 0.9952887513415745
0.07446529653407465, 0.9944549234562163
0.08025010756256297, 0.9935599584301583
0.0859515404725324, 0.9926123343655734
0.09162323716777682, 0.9916051881911272
0.09718523703345722, 0.9905550350097496
0.1027506028493611, 0.9894423201036128
0.10835731711227814, 0.9882586919884007
0.11370247700523234, 0.9870717468530178
0.11913926740590863, 0.9858058383477141
0.12445270765448041, 0.984511523918097
0.12982521782854592, 0.9831454152319169
0.13509423988285035, 0.981749546582076
0.14032295886118795, 0.9803094762936909
0.14554858505380103, 0.9788156104207911
0.15064026881686338, 0.9773075111298868
0.15574325449354767, 0.97574403923093
0.1608277715570839, 0.9741344280185711
0.1657924271801668, 0.9725128730088873
0.1708339648596619, 0.970815762159018
0.17577566568709224, 0.9691029211690609
0.18067774911457524, 0.9673555534770006
0.18555394479887566, 0.9655697343931238
0.19043854764323734, 0.9637331600957103
0.19522605664328074, 0.9618867870507882
0.19997814506243955, 0.9600087420352672
0.20474676093439387, 0.9580787707418689
0.20946945190596403, 0.9561225489881069
0.21412198908780522, 0.9541517747810462
0.2187823591267145, 0.9521342811427351
0.22341039036524746, 0.9500878174519922
0.22800509588828108, 0.9480136781546663
0.23255963174698868, 0.9459160182885441
0.23707648207418675, 0.9437947518731945
0.24163851012625667, 0.9416108328386782
0.24610529650093985, 0.9394321834509949
0.2505572281931167, 0.9372210763995105
0.25497938624721966, 0.9349855194764598
0.2593855700832671, 0.9327191263588284
0.2637700280026555, 0.9304253723646327
0.26812149240039446, 0.9281108655625574
0.27241294488512074, 0.9257911915625726
0.2767438641798201, 0.9234128350475534
0.28101547121050807, 0.9210303085662184
0.28524685031454244, 0.9186342357561917
0.2895110787288523, 0.9161833359055384
0.2937245324536987, 0.9137259014705409
0.2979098024809863, 0.9112497561606323
0.30208282358759964, 0.9087459744153182
0.30622480484167786, 0.9062263863199875
0.3103536859512747, 0.9036805954982898
0.3144259236070529, 0.9011363386833111
0.3185801848413317, 0.8985066671848709
0.32259434214269767, 0.8959328910222968
0.326610832512928, 0.8933253918631952
0.3306498820182426, 0.8906706691478411
0.3346770465072381, 0.8879912748803321
0.33864229683563757, 0.8853214007458257
0.34261007498686774, 0.8826183368650192
0.3465459139402336, 0.8799059297728172
0.35046946321126815, 0.8771711838915328
0.3543978979621643, 0.8744021302619064
0.3582986339446956, 0.8716220999320186
0.36216810264747495, 0.8688342692229154
0.3660285193183306, 0.8660231240697636
0.3698664977678616, 0.8631987764931637
0.3736941985546081, 0.8603526537206708
0.3775167296665397, 0.8574811190467667
0.38130687108718125, 0.8546050711248137
0.3850642074981365, 0.8517255798350387
0.3888256204031241, 0.8488146425352231
0.39256341354423013, 0.8458939677248393
0.39629092089746887, 0.8429535442786373
0.4000070023764555, 0.839994401084797
0.40371595219514483, 0.837013440217425
0.4073893462132239, 0.8340339329959177
0.4110484515857826, 0.8310391857497929
0.414655074807718, 0.8280611753545168
0.4183283672456939, 0.8250013793262095
0.42194398175297304, 0.8219633228589348
0.42556521931394187, 0.8188942458786662
0.4291357757780474, 0.8158424878822463
0.43276536431734586, 0.8127141394858015
0.43630448601005367, 0.8096384185860861
0.4398560470112041, 0.806526659671792
0.4434045906793411, 0.8033923701503921
0.44692432868371923, 0.8002586458332287
0.45043947469188267, 0.7971042817332186
0.4539508801285046, 0.7939286028822798
0.4574111666759899, 0.7907750252197941
0.4608949055738182, 0.7875759393430863
0.46434605879777385, 0.7843827410602032
0.467800490208517, 0.781162705252378
0.4712420017114867, 0.7779309778123964
0.47467077193073937, 0.7746876591920989
0.4780504134969399, 0.771467817638965
0.481497565274648, 0.7681601209317229
0.4848768728260666, 0.7648944233758947
0.48824103562224963, 0.7616207481207373
0.49165925053487686, 0.7582711815699812
0.4949945917189448, 0.7549803549483876
0.49833062768080466, 0.7516665908036031
0.5016532315533341, 0.7483440403256416
0.504985322489951, 0.7449898689009814
0.508296091424769, 0.7416350855516357
0.5115954270832579, 0.7382701225770594
0.5148959111580907, 0.7348822057313165
0.5181567096870023, 0.7315136268952382
0.5214428590350589, 0.7280973579755965
0.5246952860669353, 0.7246948617225426
0.527927164972772, 0.7212929212513103
0.5311705229637889, 0.7178578761513329
0.5344082505894981, 0.7144078294953377
0.5375790047954557, 0.7110088211804407
0.5408304486962306, 0.7075025342574464
0.5440528715691882, 0.7040064761747197
0.5472102347157027, 0.7005609601093591
0.5503953335381834, 0.697064977664739
0.5535585061034344, 0.69357298210971
0.5567015862910121, 0.6900833498584352
0.5598534570628012, 0.686564108859147
0.5630125041893401, 0.6830169209410851
0.5661342582650952, 0.6794920020524085
0.5692187765110711, 0.6759899873124334
0.5723698215992205, 0.6723927951479312
0.5754562602512352, 0.6688500931070842
0.5785894825543546, 0.6652342123553279
0.581666615679866, 0.6616639488259457
0.5847348696871756, 0.6580851342289378
0.5878116012968665, 0.6544775246732027
0.5908747493225787, 0.650867032209932
0.5939181630950027, 0.647261216257118
0.5969749695194702, 0.6436208880043667
0.5999951197585257, 0.6400058567337278
0.6030225156005995, 0.6363638472083074
0.6060648100826803, 0.6326854522959742
0.6090491707047678, 0.6290591139296581
0.6120578732788474, 0.6253851613977726
0.6150641362209025, 0.621696108838435
0.6180456479739687, 0.6180195810557209
0.6210070686064897, 0.6143502401346966
0.6239809610909186, 0.610647760434788
0.6269345455297304, 0.6069530790525901
0.6298815346767472, 0.603249252321785
0.6328273223410311, 0.599529583462222
0.6357842889149072, 0.5957783400261414
0.6387233824692978, 0.592032444469928
0.6416349544782941, 0.5883046050483133
0.644569820871651, 0.5845297482771104
0.6474689750583993, 0.580783942612949
0.6503308078542375, 0.5770698436249725
0.6532563739025219, 0.5732561122333765
0.6561410563574478, 0.5694789143075114
0.6590164335558368, 0.5656973561834516
0.6618890832580097, 0.5619028432439492
0.6647670805024007, 0.5580847394374572
0.6676191415700234, 0.5542846830411816
0.6704773067678212, 0.5504601813208699
0.6733122816646822, 0.5466505731005642
0.6761490751461302, 0.5428224285522849
0.6789721524036642, 0.5389968164426826
0.6817990506767382, 0.535150081809835
0.684628065010161, 0.5312844179475267
0.6874423495329663, 0.5274230209821821
0.690220573972476, 0.5235955661413226
0.6930383839476829, 0.5196978046910207
0.6958201909733218, 0.5158342678635728
0.6986036371313457, 0.5119529660359748
0.7014071966756119, 0.5080279450361084
0.7041554899313701, 0.5041650520411232
0.7069247287869291, 0.5002574512327168
0.709670467658288, 0.4963678395780163
0.7124201429680238, 0.49245754586826446
0.7151849095789097, 0.4885105468220321
0.7179164967809417, 0.4845959042281704
0.7206562659150305, 0.48065454670901614
0.723398516443192, 0.47669459636010925
0.7261089206915284, 0.4727658362380106
0.7288359666657405, 0.4687981368500878
0.7315449288654846, 0.46484202413961967
0.7342434448694319, 0.46088656416155127
0.736917822812289, 0.45695212487160775
0.7396301934827736, 0.45294718040589704
0.7422890712070226, 0.4490069381978155
0.7449841606776784, 0.44499860121498674
0.7476601407629428, 0.4410043145186893
0.7503272747181204, 0.4370089814674873
0.752992998336078, 0.4330015512680769
0.7556506441882077, 0.4289921498834542
0.7583160104549665, 0.42495683854462746
0.7609441369961131, 0.42096402770327623
0.7635826625268781, 0.41694152687333597
0.7662293338770556, 0.4128926172976465
0.7688557108198321, 0.4088608980123207
0.771480492505362, 0.4048178502157116
0.7741109033256517, 0.40075231561510005
0.7766770769951602, 0.3967727606483491
0.7793249264525461, 0.39265267926840325
0.7819268844290194, 0.38859039019327624
0.7845243847165636, 0.38452149044143874
0.7871192899116101, 0.38044322622172044
0.7897171081334868, 0.37634688996769106
0.7922819155717725, 0.37228937104050486
0.7948609826447278, 0.3681960235588072
0.7974260490800483, 0.36411170099771517
0.8000031430456046, 0.3599949729230276
0.802556029891709, 0.35590382101520757
0.8051164979103577, 0.3517874356571249
0.807668697200825, 0.34767127760972794
0.8102218696416027, 0.3435405220250342
0.8127596140065506, 0.3394219410700926
0.815290343967241, 0.3353016640148798
0.817826215588207, 0.33116028332499264
0.8203557670977432, 0.3270164183840255
0.8228729897755301, 0.3228800776183567
0.8253925526350019, 0.3187271340923076
0.827906627257916, 0.3145707285082164
0.8303955327913434, 0.3104432623300952
0.8329082203960093, 0.3062638997293301
0.8354115093093722, 0.3020876123637452
0.8378975866711798, 0.2979277116919108
0.8404104724893091, 0.2937102403077211
0.8428726424232971, 0.2895657183969066
0.8453647198939465, 0.28535850708174076
0.8478399110136612, 0.28116749108489447
0.8503179562389626, 0.27695938190287434
0.8527821469772308, 0.2727626188889307
0.8552382666608609, 0.26856750886355946
0.8576865502343856, 0.26437378249546895
0.8601495379131743, 0.26014278530304386
0.8626027444749919, 0.2559165054115414
0.8650320451978187, 0.2517195611970105
0.8674766133053672, 0.2474843309577922
0.8698809839845435, 0.24330707478629826
0.8723530550136586, 0.239000147694924
0.874776373428914, 0.23476629692537904
0.8771926177339164, 0.23053311225577985
0.8796204289310825, 0.2262679012152082
0.882033272357931, 0.22201730669729297
0.8844316744613233, 0.21778061499789197
0.8868409020779721, 0.21351322356159008
0.8892486765456664, 0.20923681168526298
0.8916584434323185, 0.2049452213720187
0.8940372983092248, 0.20069731475128832
0.896425586490572, 0.19642117042932675
0.8988073123066598, 0.1921454177317417
0.9012058366983056, 0.1878280436430347
0.9035654877153158, 0.18356941747042213
0.9059326320568147, 0.1792860756754073
0.9083198425069086, 0.17495506963616592
0.9106743137013723, 0.17067229499032308
0.9130287369080008, 0.16637852563720423
0.9153845957076582, 0.162071056456225
0.9177343095442583, 0.15776373729478027
0.9200903421840108, 0.1534337792900444
0.922469877469321, 0.14904932758298353
0.9247817149235633, 0.1447788033342417
0.9271146813056426, 0.14045837160996263
0.9294544613395886, 0.13611440602041222
0.9317822196501376, 0.13178195406336765
0.9341522284227811, 0.12735964020008367
0.9364222841554245, 0.12311330706262519
0.9387702640335366, 0.11871039159462546
0.941059394276287, 0.11440722279327684
0.9433791505665422, 0.11003579875864976
0.9456947806398959, 0.10566139492750429
0.9479896720865912, 0.10131558191880892
0.9502854200378206, 0.09695762273338844
0.9525872168632887, 0.09257760396240422
0.9548559769101931, 0.08825007136216015
0.9571712089082722, 0.08382327708994095
0.9594434787148953, 0.07946822127312932
0.961738950488438, 0.07505820215148326
0.9640156828775952, 0.07067379253951846
0.9662727181702517, 0.06631709071179775
0.9685787074444167, 0.06185529149651995
0.9708365739854007, 0.0574763480364509
0.9730925345448802, 0.05309092059397107
0.9753463819183051, 0.04869943655067168
0.9776095936123592, 0.044279521943625
0.9798640375746533, 0.039866485421016104
0.9821166130812745, 0.035446959355439636
0.9843676217407593, 0.03102041755874198
0.9866130730582148, 0.026594659989137952
0.9888477304248906, 0.02218019711915117
0.9910869529473412, 0.01774665686835218
0.9933194973940929, 0.01331638291827547
0.995546224130485, 0.00888774163778435
0.9977870495120346, 0.004421054389403729
0.9999999889235396, 2.33617435537939E-8
