2.739113969007275E-17, 0.999997656301425
4.402151596244251E-5, 0.9933840032916064
1.718129752160252E-4, 0.9869110484936011
3.84712633559145E-4, 0.9804047712267172
6.764364870058679E-4, 0.9740102440787071
0.0010423467125465213, 0.9677331812488345
0.00148225971612026, 0.9615183728100835
0.00199245015964733, 0.9553815314484803
0.00257224583274282, 0.9493011513988268
0.0032231702100559943, 0.9432454856057071
0.003935732606084975, 0.9372828527687653
0.004710543925498844, 0.9313847780652195
0.005543679721094735, 0.9255622703122188
0.006435988987871205, 0.9197935098407412
0.007389105937857077, 0.9140583601787574
0.008394506029223467, 0.9083966138569067
0.009451237293835929, 0.9028004531319507
0.010560597253630566, 0.8972530597651283
0.011730516992875029, 0.8917104868496991
0.012933205198409944, 0.8862935350167532
0.014206390882298345, 0.8808271872505958
0.015495023882675901, 0.8755387073298248
0.016852699808936417, 0.870200011633649
0.018240969134077002, 0.8649584377394959
0.019687366166999454, 0.8597058912692198
0.021167645514984033, 0.8545264741615213
0.022694700666544165, 0.8493699697130388
0.024250918537092183, 0.8442904499111085
0.025864026423026515, 0.8391943927606498
0.02750562026749498, 0.834169148375432
0.029186222617853936, 0.8291776331071881
0.03089800056115159, 0.8242389601769767
0.032646427790415045, 0.8193339966474831
0.034444915340865245, 0.8144237076411802
0.03625299586884945, 0.8096150399682092
0.03812755104649873, 0.8047542091481021
0.039993038738846354, 0.8000344055376768
0.04191835889812087, 0.7952773203101879
0.04383327603622381, 0.7906529194114211
0.04585298854960937, 0.7858837806271409
0.047901276884737866, 0.7811532863664301
0.04990825509661183, 0.7766152867590058
0.051980852946849745, 0.7720236802892345
0.054100385979614, 0.7674218090154363
0.056245095680295926, 0.7628562456022703
0.05839071103667731, 0.758374907125083
0.06057423351269392, 0.7538982695294805
0.06277663716288107, 0.7494638755138648
0.0650294017259778, 0.7450079298280445
0.0672709334250523, 0.7406501483048401
0.06956564258354374, 0.7362634014026999
0.07188821012692542, 0.7318965605179691
0.07421702004231656, 0.7275883533829579
0.07656780821944975, 0.7233074249164413
0.07896055135881988, 0.7190170534384214
0.08139356605059511, 0.7147205658097577
0.08381191069271021, 0.7105133407993519
0.08628399324552655, 0.7062747379454823
0.08874340433176692, 0.7021178180921243
0.0912703105383213, 0.6979063015836402
0.09377450694804548, 0.6937897790470613
0.09633633638276841, 0.6896349383455401
0.09888160589218109, 0.6855615742047875
0.10145918382137337, 0.681489331913842
0.10406334984847249, 0.6774274151367009
0.10671212468688832, 0.673347509472215
0.10933787289941707, 0.6693529538533228
0.11201267193812264, 0.6653328310072327
0.11469179877892086, 0.6613539959580589
0.11739483981335258, 0.6573863528959927
0.12012456071796565, 0.6534257928995177
0.12283207784946598, 0.6495414878002842
0.12562616485474087, 0.6455776938809386
0.1283755327495093, 0.6417201670298927
0.13114417998709446, 0.6378770515985278
0.13396388910080492, 0.6340047184037728
0.1368092171012023, 0.6301380717632444
0.13964057200331387, 0.626330335704492
0.1424539642119188, 0.6225846445751948
0.14536609991421634, 0.6187461769793374
0.14827721381982933, 0.6149474632934995
0.15117654784986, 0.6112010378597575
0.15409797456899427, 0.607462131376783
0.15707194360102736, 0.6036920782987302
0.1599991192115578, 0.6000161484894694
0.16297395850955196, 0.5963148888844706
0.16597300388043876, 0.5926171759402196
0.16895989879780696, 0.5889676753568891
0.17197277445191306, 0.585319036761642
0.17499146746293578, 0.581695121663266
0.17803407513466482, 0.5780740206109763
0.18109817504551798, 0.5744586388886338
0.18420011396429767, 0.5708294817459357
0.18727999727132522, 0.5672561927427265
0.19036790610910337, 0.5637031682410982
0.19347772646903083, 0.5601537358185462
0.19660999057430575, 0.5566075411985968
0.19975634966555422, 0.5530735962171115
0.20289493909273704, 0.5495759540455031
0.20606399306744116, 0.5460719741376575
0.20921993351082488, 0.5426089323416166
0.21243476850355292, 0.5391080716096341
0.2156533984097655, 0.5356295005904986
0.21884282449931464, 0.5322081175854757
0.2220900104554734, 0.5287502156290564
0.22533270492612278, 0.5253221578656486
0.22857340803238202, 0.5219208972312391
0.2318004698951625, 0.5185577626145098
0.23511120948652012, 0.5151316734793768
0.23840515309972912, 0.5117468262514792
0.24170679260241754, 0.5083774169119204
0.2449820688976212, 0.505057541191506
0.2483366628295628, 0.5016802601871377
0.2516699067420054, 0.4983471831551579
0.25499905617599783, 0.49503975315241827
0.2583512137275127, 0.49173155880383124
0.26173585948742617, 0.48841284576384003
0.26510503264659974, 0.4851305364051577
0.2684857009973979, 0.4818579483467783
0.2718797716883717, 0.4785930658441369
0.27531974338572873, 0.475305003325175
0.27868957408747413, 0.4721033133409193
0.282155019543192, 0.4688312729877598
0.2855859888912846, 0.46561138963041754
0.28906074123021547, 0.4623703100826491
0.29249146739726944, 0.4591889993277524
0.29597030718784184, 0.45598229368021315
0.29945621313677284, 0.45278790059363977
0.30290693825637355, 0.4496440213346791
0.3064006662352977, 0.4464789625792211
0.30994143614389336, 0.4432897479987254
0.313399613001572, 0.44019257843380266
0.31698458425296144, 0.4369997475860994
0.3205248106965237, 0.4338644324197322
0.3240687032126369, 0.43074339875438883
0.32759644747542765, 0.4276531828126891
0.3311697416610239, 0.4245399492046681
0.33474096803277364, 0.4214454887181373
0.3383218581578218, 0.4183590962184498
0.341910078783781, 0.4152825051481402
0.3455093293165899, 0.41221291013671957
0.3491292066119934, 0.40914175967112587
0.3527381820526289, 0.40609567885145464
0.3563587275962196, 0.4030554206489333
0.3599493343133469, 0.40005544170800766
0.36364182178129867, 0.39698613328398047
0.36729559627544844, 0.39396399287463746
0.3709664416655268, 0.3909429828285918
0.37461267096629297, 0.387957102258307
0.37829345992320285, 0.3849574763049768
0.3819593615787778, 0.381984455247404
0.38564830148435864, 0.37900722873636605
0.38934997963566825, 0.3760338836197803
0.39307783531624085, 0.37305373915682316
0.39677365546786064, 0.37011329319193936
0.4004898775227409, 0.36717022787777204
0.40420400967068537, 0.36424243595356487
0.40794914203083266, 0.36130390110318095
0.4117038253235601, 0.3583712857932359
0.41540635430452066, 0.3554925449806852
0.41919483457973017, 0.3525601242321643
0.422987586230961, 0.3496378177525196
0.4267629872949861, 0.346741704095135
0.4304933283369737, 0.3438927980374916
0.4342729184920579, 0.34101878722327617
0.43809783698180493, 0.3381230479965129
0.44190884113542295, 0.3352504131118332
0.44575720436840766, 0.33236208448246596
0.44952937689171524, 0.32954301119206497
0.45335001441954303, 0.32669987131344547
0.4571810439562834, 0.3238609929800789
0.46096551171335737, 0.3210681742282327
0.46485792270276455, 0.31820755188617034
0.46873312543205464, 0.31537158315957664
0.4725532260685047, 0.31258735518280356
0.47642148728481215, 0.30977946571080034
0.4802928264165356, 0.30698073305776263
0.4841902450678197, 0.3041745536094019
0.48805250824451185, 0.3014047360284433
0.4919458641706014, 0.29862377235329945
0.49586544047128717, 0.2958350819110092
0.49976989865723165, 0.293068226821678
0.5035839844803564, 0.2903757129217661
0.5075568180121158, 0.287581945983252
0.511453449622368, 0.28485243457208653
0.5153982784132658, 0.28209965274297
0.5193594445588054, 0.27934621870408355
0.5232694096583458, 0.2766384403115068
0.5272263733502267, 0.2739085006174693
0.5311788849188193, 0.2711918283513158
0.5351348813726625, 0.26848284723896754
0.5391031704274378, 0.26577555854437307
0.543106934999581, 0.2630539957883479
0.5470352159244902, 0.2603936872853355
0.5510190881476191, 0.2577053110698921
0.5550084786403865, 0.25502300514481063
0.5589973835474283, 0.2523505047603727
0.5630001350303931, 0.24967847318659533
0.5669781011625484, 0.24703236803242018
0.5710077231920777, 0.24436129769379533
0.5750140758516356, 0.24171487105131026
0.5790361908634372, 0.23906746135655527
0.5830783624066596, 0.23641595585989045
0.587113331117466, 0.23377866245264484
0.5911403953540435, 0.23115510925253796
0.5951802007903858, 0.2285324056819261
0.599209229315959, 0.2259255354420202
0.603284171856935, 0.22329789025724553
0.6073492329330107, 0.2206854605785004
0.611404925022265, 0.21808774399805197
0.6154730396458341, 0.21549058205441757
0.6195500894222259, 0.2128964322408161
0.6236221353229432, 0.21031400396072358
0.6277265983379188, 0.20771943497564468
0.6317740164046932, 0.20516928286987177
0.6358992977629242, 0.20257850690689538
0.640012960295949, 0.20000326474533728
0.6440861354503511, 0.19746154329063884
0.6482064390806359, 0.19489861674412634
0.6523360091900875, 0.1923380587929988
0.6564085334304601, 0.18982084545742983
0.6605845954088513, 0.18724768881594622
0.6646985068403578, 0.18472071301867982
0.6688823905893078, 0.18215885021338563
0.672982419395143, 0.17965609714603856
0.6770895766592666, 0.17715657496366383
0.6812463444765448, 0.17463460317823856
0.685398722428891, 0.17212308231557671
0.6895969799097588, 0.1695913198073272
0.6937379413337618, 0.16710171831012482
0.6979590297276196, 0.16457154675548755
0.7020729899096771, 0.16211308142988198
0.7062622039289561, 0.15961689372095966
0.710454342982211, 0.15712638466721254
0.7146674539086986, 0.1546308597627851
0.7188362942500571, 0.15216870014982123
0.7229868657809869, 0.14972458622082252
0.7272058882677892, 0.1472471807443679
0.7314285866236911, 0.1447748433064965
0.7356352378170754, 0.14231900175471482
0.7398534607443092, 0.13986343784818228
0.7440764058406014, 0.13741220156181963
0.7482884635905758, 0.1349741074414107
0.7525171801960677, 0.13253322756125444
0.7567749362706062, 0.1300825373310367
0.7609712065216956, 0.12767408918982212
0.7652023175712774, 0.1252522146330157
0.7694859602486841, 0.12280714687329936
0.7737183736605502, 0.12039804350520975
0.7779892238839682, 0.11797359669659338
0.7822281860638276, 0.11557395961059119
0.7864877985686172, 0.11316904356807561
0.7907883569527222, 0.11074772274979022
0.795011261454504, 0.10837648182901126
0.7993051296724514, 0.10597182428564648
0.8035710938175503, 0.10358912367966981
0.8078602917510326, 0.10119998400948547
0.8121250392442165, 0.09883068037111487
0.8164231861736098, 0.09644897398339171
0.8207240215261868, 0.09407215896785309
0.825004316731082, 0.09171282887109172
0.829323492531855, 0.08933829858709225
0.8336448286267493, 0.0869687244584975
0.8379139117981057, 0.08463390155768011
0.8422536172546754, 0.08226643574519574
0.8465283616461692, 0.07994052042510458
0.8508908859123752, 0.07757278780173275
0.8552321113633339, 0.07522257477111052
0.859553471672312, 0.07288904982875982
0.8638851498133231, 0.0705559643785018
0.8682169408637328, 0.06822850752940697
0.8725450538960152, 0.06590889412091527
0.8768917731938295, 0.06358515110730624
0.8812459875524986, 0.0612630904923813
0.8856054571857247, 0.058943865186487227
0.8898990851489641, 0.05666532760339011
0.8943084950225886, 0.05433114017831016
0.8986764347055551, 0.05202446829482767
0.9030125470580466, 0.049740215890374126
0.9074193513910496, 0.04742431730372973
0.9117648037774567, 0.045146128136409884
0.9161813781833034, 0.04283618644227491
0.9205413580689938, 0.0405613644725605
0.9249199522295377, 0.038282489572053
0.9293382271167461, 0.03598786303956147
0.9336778971859242, 0.033739674648140976
0.9381209992054383, 0.03144326801102445
0.942506853452086, 0.029181829692555714
0.9469149256766399, 0.02691416977815162
0.9513177106006188, 0.024654518666758333
0.9557048707482951, 0.022408047421987005
0.9601147219679508, 0.02015524994778904
0.9645214499647585, 0.017909128453254063
0.9690059393827609, 0.015628594004360785
0.9734001845642197, 0.013399136421984157
0.97781849593094, 0.011162526804665156
0.9822331914292172, 0.0089328170660101
0.9866364769395396, 0.0067137293190158275
0.9911469941606718, 0.004445815855829337
0.9955526652920592, 0.002235651692524453
0.9999984550685788, 1.0309875218791955E-5
