1.0, 0.0
0.9990999990254538, 1.8473690654762288E-17
0.9980999990537357, 7.756240974947468E-16
0.9970999990820176, 6.433047103643247E-15
0.9960999991102996, 2.8333083490753728E-14
0.9950999991385815, 8.881693029373643E-14
0.9940999991668634, 2.2507145503759385E-13
0.9930999991951454, 4.930049145142403E-13
0.9920999992234273, 9.711517815934746E-13
0.9910999992517092, 1.7646068851028141E-12
0.9900999992799911, 3.0089890693563296E-12
0.9890999993082731, 4.874434581481971E-12
0.988099999336555, 7.569620396266612E-12
0.9870999993648369, 1.134581768983989E-11
0.9860999993931189, 1.6500975675093032E-11
0.9850999994214008, 2.3383836013393804E-11
0.9840999994496827, 3.239807801872649E-11
0.9830999994779647, 4.4006494872084814E-11
0.9820999995062466, 5.873520106557102E-11
0.9810999995345285, 7.717787129732652E-11
0.9800999995628105, 1.0000001104014195E-10
0.9790999995910924, 1.2794325900819863E-10
0.9780999996193743, 1.618297217482675E-10
0.9770999996476563, 2.025663405832467E-10
0.9760999996759382, 2.5114929113773016E-10
0.9750999997042201, 3.086684156771651E-10
0.974099999732502, 3.7631168849374577E-10
0.973099999760784, 4.553697145739711E-10
0.9720999997890659, 5.472402617850359E-10
0.9710999998173478, 6.534328268181189E-10
0.9700999998456298, 7.75573235129679E-10
0.9691000008739117, 9.154081258268179E-10
0.9681000009021936, 1.074810196969405E-9
0.9671000009304755, 1.2557820727605444E-9
0.9661000009587575, 1.4604615814660864E-9
0.9651000009870394, 1.6911263983302599E-9
0.9641000010153213, 1.9501988546574725E-9
0.9631000020436032, 2.24025047619044E-9
0.9621000020718852, 2.564008054542497E-9
0.9611000021001671, 2.9243568280232242E-9
0.960100003128449, 3.324346140479863E-9
0.9591000031567309, 3.7671957964509405E-9
0.9581000041850128, 4.256298180006919E-9
0.9571000042132948, 4.795226878029914E-9
0.9561000052415767, 5.387737852924416E-9
0.9551000052698586, 6.03777891162906E-9
0.9541000062981405, 6.749490125254351E-9
0.9531000073264224, 7.527213453048443E-9
0.9521000083547043, 8.375495459640058E-9
0.9511000083829863, 9.299094192654341E-9
0.9501000094112682, 1.0302980747306631E-8
0.9491000104395501, 1.1392350173373152E-8
0.9481000124678319, 1.2572622046791827E-8
0.9471000134961138, 1.3849451618382852E-8
0.9461000145243957, 1.5228728233726354E-8
0.9451000165526776, 1.671658394636318E-8
0.9441000175809595, 1.8319404017326836E-8
0.9431000196092414, 2.0043821825955045E-8
0.9421000216375233, 2.1896735461327077E-8
0.9411000236658051, 2.3885307132760705E-8
0.940100025694087, 2.601697045546194E-8
0.9391000277223689, 2.8299436234371992E-8
0.9381000297506508, 3.074069829077285E-8
0.9371000327789326, 3.3349036637246326E-8
0.9361000358072145, 3.613303111480099E-8
0.9351000388354963, 3.910155995856581E-8
0.9341000418637782, 4.226380815904447E-8
0.93310004489206, 4.5629273507205276E-8
0.9321000489203418, 4.9207768995843386E-8
0.9311000529486236, 5.300943956274123E-8
0.9301000569769055, 5.704475808707765E-8
0.9291000610051873, 6.132453487734862E-8
0.9281000650334691, 6.585992394300087E-8
0.9271000700617509, 7.066242437238757E-8
0.9261000750900327, 7.574390094732914E-8
0.9251000801183145, 8.111657683759435E-8
0.9241000861465962, 8.679303863283665E-8
0.923100092174878, 9.27862597004938E-8
0.9221000982031597, 9.910959049522818E-8
0.9211001052314415, 1.0577676354311674E-7
0.9201001122597232, 1.1280191989448478E-7
0.919100119288005, 1.201995967097815E-7
0.9181001273162867, 1.279847321818843E-7
0.9171001353445684, 1.3617269546693053E-7
0.91610014437285, 1.4477926235582515E-7
0.9151001534011317, 1.5382065496187277E-7
0.9141001624294134, 1.6331352393025668E-7
0.913100172457695, 1.7327495322344635E-7
0.9121001834859767, 1.837224860940371E-7
0.9111001945142583, 1.9467413457556772E-7
0.9101002055425399, 2.061483658131206E-7
0.9091002175708215, 2.181641067065952E-7
0.908100230599103, 2.3074077404967003E-7
0.9071002436273846, 2.4389828460200307E-7
0.9061002576556662, 2.57657023315783E-7
0.9051002716839477, 2.72037903438813E-7
0.9041002867122292, 2.870623189095541E-7
0.9031003027405107, 3.0275219343579914E-7
0.9021003187687922, 3.1912999135715196E-7
0.9011003357970736, 3.3621867654491206E-7
0.900100353825355, 3.540417674720428E-7
0.8991003718536364, 3.726233485856409E-7
0.8981003918819178, 3.919880030392903E-7
0.8971004119101992, 4.12160952605343E-7
0.8961004329384805, 4.331679319999752E-7
0.8951004549667618, 4.550352735195127E-7
0.8941004769950431, 4.777899193262083E-7
0.8931005010233244, 5.014593376519326E-7
0.8921005260516056, 5.260716674541563E-7
0.8911005510798868, 5.516556626212854E-7
0.890100578108168, 5.782406192620613E-7
0.8891006051364492, 6.058565656602861E-7
0.8881006341647303, 6.345340578596914E-7
0.8871006641930114, 6.643043788844631E-7
0.8861006942212925, 6.951994693428201E-7
0.8851007272495734, 7.272518057749188E-7
0.8841007602778544, 7.604947240064805E-7
0.8831007943061354, 7.949621131819267E-7
0.8821008303344163, 8.306885455313338E-7
0.8811008673626972, 8.67709360238294E-7
0.8801009053909781, 9.060605683934708E-7
0.8791009454192589, 9.457788554153729E-7
0.8781009864475396, 9.869017085033687E-7
0.8771010284758204, 1.0294673100883632E-6
0.876101073504101, 1.0735144950945777E-6
0.8751011185323817, 1.1190830691923551E-6
0.8741011655606623, 1.1662133775928569E-6
0.8731012145889429, 1.2149466219314157E-6
0.8721012646172234, 1.2653248343354537E-6
0.8711013166455038, 1.3173907367150717E-6
0.8701013706737842, 1.3711878973036036E-6
0.8691014267020646, 1.4267606923957412E-6
0.8681014837303449, 1.4841543744071825E-6
0.8671015427586252, 1.5434149104959804E-6
0.8661016037869054, 1.6045891599926392E-6
0.8651016668151855, 1.6677248296743256E-6
0.8641017328434656, 1.7328704176218415E-6
0.8631017998717456, 1.800075485923226E-6
0.8621018689000256, 1.8693902800261616E-6
0.8611019399283055, 1.9408659975230565E-6
0.8601020139565854, 2.0145546595250326E-6
0.8591020899848651, 2.090509340936226E-6
0.8581021680131449, 2.168783965490728E-6
0.8571022490414245, 2.2494333048426243E-6
0.8561023320697041, 2.3325132298721544E-6
0.8551024170979836, 2.418080485482576E-6
0.854102506126263, 2.5061925996844744E-6
0.8531025961545424, 2.5969085124567833E-6
0.8521026901828217, 2.6902876107117097E-6
0.8511027862111009, 2.7863907309407247E-6
0.85010288523938, 2.8852794364148218E-6
0.8491029862676591, 2.9870165023888913E-6
0.8481030912959381, 3.0916654255061867E-6
0.847103198324217, 3.199291154695273E-6
0.8461033093524958, 3.309959265034048E-6
0.8451034233807745, 3.4237367153172602E-6
0.8441035404090531, 3.5406914321771126E-6
0.8431036604373316, 3.6608924279236845E-6
0.8421037834656101, 3.7844098123344947E-6
0.8411039104938884, 3.911314675892878E-6
0.8401040415221667, 4.041679348540231E-6
0.8391041755504448, 4.175577428847408E-6
0.8381043125787229, 4.31308353567202E-6
0.8371044536070008, 4.454273302530955E-6
0.8361045986352786, 4.599223664680277E-6
0.8351047476635564, 4.7480127393854125E-6
0.834104900691834, 4.9007198384200645E-6
0.8331050567201115, 5.057425639416035E-6
0.8321052177483889, 5.218211567642971E-6
0.8311053827766661, 5.383160749048103E-6
0.8301055518049433, 5.552357400305984E-6
0.8291057258332203, 5.7258868207520794E-6
0.8281059028614972, 5.903836104009725E-6
0.827106085889774, 6.086292740380763E-6
0.8261062729180506, 6.273346409986023E-6
0.8251064649463271, 6.465087558554334E-6
0.8241066609746035, 6.6616083352024605E-6
0.8231068620028797, 6.863001838667041E-6
0.8221070690311558, 7.069362499579832E-6
0.8211072800594318, 7.28078673537103E-6
0.8201074970877076, 7.4973715066055E-6
0.8191077191159832, 7.71921579859305E-6
0.8181079461442587, 7.946419794758139E-6
0.8171081781725341, 8.179085099731917E-6
0.8161084172008093, 8.417314271422499E-6
0.8151086602290843, 8.661212505957872E-6
0.8141089102573592, 8.910885016564678E-6
0.8131091662856339, 9.16643945919822E-6
0.8121094273139084, 9.427985006365984E-6
0.8111096953421828, 9.695631550609333E-6
0.810109969370457, 9.969491288939366E-6
0.809110249398731, 1.0249677697534407E-5
0.8081105354270048, 1.0536305805482129E-5
0.8071108294552785, 1.0829491616852725E-5
0.8061111284835519, 1.1129354181997778E-5
0.8051114355118252, 1.1436012370018569E-5
0.8041117495400982, 1.1749587850277967E-5
0.8031120695683711, 1.2070203949427164E-5
0.8021123975966438, 1.2397984673924846E-5
0.8011127326249162, 1.2733056650105563E-5
0.8001130746531885, 1.3075547864557955E-5
0.7991134246814605, 1.342558764350263E-5
0.7981137827097323, 1.3783307353809118E-5
0.7971141487380039, 1.4148840087894388E-5
0.7961145217662753, 1.4522321057901753E-5
0.7951149037945464, 1.4903886109951786E-5
0.7941152928228173, 1.5293674376547566E-5
0.793115690851088, 1.569182523915563E-5
0.7921160978793584, 1.609848064317387E-5
0.7911165129076286, 1.6513784779652117E-5
0.7901169369358986, 1.6937882860766323E-5
0.7891173699641683, 1.737092236173654E-5
0.7881178129924377, 1.781305218890617E-5
0.7871182640207068, 1.8264424475795418E-5
0.7861187250489757, 1.8725191481453267E-5
0.7851191950772444, 1.9195508746358773E-5
0.7841196751055127, 1.9675532828462752E-5
0.7831201651337808, 2.0165422708798463E-5
0.7821206651620486, 2.0665339353569442E-5
0.7811211751903161, 2.1175445732627463E-5
0.7801216952185833, 2.1695906838092653E-5
0.7791222262468502, 2.2226889166526487E-5
0.7781227682751168, 2.276856177864796E-5
0.7771233203033832, 2.332109637145437E-5
0.7761238843316491, 2.3884665075190857E-5
0.7751244593599148, 2.445944378944588E-5
0.7741250453881802, 2.50456100023308E-5
0.7731256424164452, 2.5643343357467114E-5
0.7721262524447099, 2.6252824442157886E-5
0.7711268734729743, 2.6874238453914306E-5
0.7701275075012383, 2.7507770340814486E-5
0.7691281535295019, 2.8153609144489952E-5
0.7681288115577652, 2.8811945545438353E-5
0.7671294825860282, 2.948297182143021E-5
0.7661301666142908, 3.016688318495798E-5
0.765130863642553, 3.0863877163970445E-5
0.7641315736708149, 3.157415362282932E-5
0.7631322976990763, 3.2297914052321624E-5
0.7621330347273374, 3.303536375662857E-5
0.7611337857555981, 3.378670897713795E-5
0.7601345517838584, 3.4552158320156935E-5
0.7591353318121182, 3.533192435177977E-5
0.7581361258403777, 3.612622135742635E-5
0.7571369348686368, 3.693526529168467E-5
0.7561377588968954, 3.775927538957409E-5
0.7551385979251536, 3.859847341577397E-5
0.7541394529534113, 3.945308282405779E-5
0.7531403229816687, 4.032333133788345E-5
0.7521412090099255, 4.120944755140556E-5
0.751142111038182, 4.211166352594662E-5
0.7501430300664379, 4.3030213038004744E-5
0.7491439650946934, 4.396533435220233E-5
0.7481449171229484, 4.491726656674608E-5
0.7471458861512029, 4.5886252403199375E-5
0.746146872179457, 4.687253731925485E-5
0.7451478762077105, 4.7876368519149225E-5
0.7441488972359636, 4.889799798320317E-5
0.7431499372642161, 4.993767742247238E-5
0.7421509952924681, 5.099566443907324E-5
0.7411520713207196, 5.20722184784731E-5
0.7401531673489705, 5.316759965604146E-5
0.739154281377221, 5.4282075341852345E-5
0.7381554154054708, 5.54159114121868E-5
0.7371565684337201, 5.6569380037413614E-5
0.7361577424619689, 5.774275289472693E-5
0.735158935490217, 5.893630932770059E-5
0.7341601495184646, 6.0150326973149374E-5
0.7331613845467116, 6.138508885511516E-5
0.7321626405749581, 6.264088108196123E-5
0.7311639176032039, 6.391799287313301E-5
0.7301652166314491, 6.521671527478297E-5
0.7291665366596937, 6.653734507675603E-5
0.7281678796879376, 6.788017828175265E-5
0.7271692447161809, 6.924551806670308E-5
0.7261706327444236, 7.063366814174573E-5
0.7251720447726656, 7.204493539783742E-5
0.724173478800907, 7.347963427766493E-5
0.7231749378291477, 7.493807537977925E-5
0.7221764198573877, 7.642057985506594E-5
0.721177926885627, 7.792746634787751E-5
0.7201794589138656, 7.945905981133924E-5
0.7191810149421035, 8.101569021108773E-5
0.7181825969703407, 8.25976862934601E-5
0.7171842049985772, 8.420538334573888E-5
0.7161858390268129, 8.583912018305564E-5
0.7151874990550479, 8.749923917852243E-5
0.7141891860832821, 8.918608459037978E-5
0.7131908991115156, 9.090000764757634E-5
0.7121926411397482, 9.264135630445744E-5
0.7111944101679801, 9.441049079114903E-5
0.7101962071962112, 9.620776982657343E-5
0.7091980332244415, 9.8033555756011E-5
0.708199887252671, 9.988821832461624E-5
0.7072017712808997, 1.0177212548976977E-4
0.7062036853091275, 1.0368565266919009E-4
0.7052056283373545, 1.056291811063472E-4
0.7042076023655806, 1.0760309008385717E-4
0.7032096073938058, 1.0960776661544172E-4
0.7022116434220301, 1.1164360167456674E-4
0.7012137104502536, 1.1371099022786914E-4
0.7002158094784762, 1.1581032914892442E-4
0.6992179415066978, 1.1794201924136103E-4
0.6982201055349185, 1.2010646964043771E-4
0.6972223035631383, 1.2230408708229103E-4
0.6962245345913571, 1.2453528895287663E-4
0.695226799619575, 1.2680049239217187E-4
0.6942290996477919, 1.2910011863042628E-4
0.6932314336760078, 1.3143459773453818E-4
0.6922338037042227, 1.3380435702982046E-4
0.6912362097324366, 1.362098327456277E-4
0.6902386507606495, 1.3865146794239837E-4
0.6892411287888613, 1.411297027214978E-4
0.6882436448170721, 1.4364498386624147E-4
0.6872461968452819, 1.4619777021610968E-4
0.6862487878734905, 1.4878851234164268E-4
0.6852514169016981, 1.514176755200912E-4
0.6842540849299046, 1.5408572437647345E-4
0.6832567929581099, 1.567931279978559E-4
0.6822595399863142, 1.5954036551703765E-4
0.6812623270145173, 1.6232791529117692E-4
0.6802651560427192, 1.6515625739009496E-4
0.67926802507092, 1.6802588791593783E-4
0.6782709370991196, 1.7093729340848424E-4
0.677273890127318, 1.738909796643676E-4
0.6762768871555151, 1.7688744257274622E-4
0.6752799271837111, 1.7992719470962803E-4
0.6742830102119058, 1.8301075067326245E-4
0.6732861382400993, 1.8613862374605556E-4
0.6722893112682915, 1.8931133830434578E-4
0.6712925292964824, 1.925294238058032E-4
0.670295793324672, 1.9579341153351933E-4
0.6692991033528604, 1.991038410932512E-4
0.6683024603810473, 2.0246125390338294E-4
0.667305865409233, 2.0586619643796813E-4
0.6663093184374173, 2.0931922375384772E-4
0.6653128204656001, 2.1282089269764677E-4
0.6643163714937816, 2.163717688775271E-4
0.6633199715219618, 2.1997242331489716E-4
0.6623236225501404, 2.23623425109168E-4
0.6613273245783177, 2.2732535593286555E-4
0.6603310786064934, 2.3107879920582162E-4
0.6593348836346677, 2.348843514163823E-4
0.6583387416628406, 2.3874260319565717E-4
0.6573426536910119, 2.426541543754727E-4
0.6563466187191817, 2.466196183045475E-4
0.6553506387473499, 2.506396021224565E-4
0.6543547137755166, 2.547147265737086E-4
0.6533588448036817, 2.5884561407912474E-4
0.6523630328318452, 2.63032892731464E-4
0.6513672768600071, 2.6727720492008774E-4
0.6503715788881673, 2.7157918620874236E-4
0.649375938916326, 2.7593948654905094E-4
0.6483803579444829, 2.8035875750838396E-4
0.6473848369726382, 2.848376565465425E-4
0.6463893760007917, 2.893768516497185E-4
0.6453939760289436, 2.939770123787369E-4
0.6443986380570936, 2.986388143221405E-4
0.643403362085242, 3.033629439187795E-4
0.6424081491133885, 3.081500891378837E-4
0.6414130001415332, 3.130009441145943E-4
0.6404179161696761, 3.1791620919525813E-4
0.6394228961978172, 3.2289660105991113E-4
0.6384279422259564, 3.279428279102715E-4
0.6374330552540938, 3.330556092083089E-4
0.6364382352822292, 3.3823567605718245E-4
0.6354434833103627, 3.434837609728802E-4
0.6344488003384943, 3.488006029699224E-4
0.6334541863666239, 3.541869530598237E-4
0.6324596433947515, 3.596435580890913E-4
0.6314651704228771, 3.651711880458501E-4
0.6304707704510006, 3.707705975228181E-4
0.6294764424791222, 3.7644257023669586E-4
0.6284821875072416, 3.8218788565789943E-4
0.627488006535359, 3.880073301048365E-4
0.6264939015634742, 3.9390169082637397E-4
0.6254998715915873, 3.9987177984506216E-4
0.6245059176196982, 4.059184045555284E-4
0.6235120416478069, 4.120423732061419E-4
0.6225182436759135, 4.1824451339466577E-4
0.6215245247040178, 4.245256538322871E-4
0.6205308857321198, 4.3088663044024044E-4
0.6195373277602195, 4.373282864022278E-4
0.618543850788317, 4.438514788248196E-4
0.6175504568164121, 4.5045705913559245E-4
0.6165571458445048, 4.5714589940281823E-4
0.6155639188725952, 4.639188726513411E-4
0.6145707759006832, 4.707768663901919E-4
0.6135777199287688, 4.777207549598426E-4
0.6125847509568518, 4.847514410179276E-4
0.6115918689849325, 4.918698352747398E-4
0.6105990760130106, 4.990768419491838E-4
0.6096063730410861, 5.063733801089678E-4
0.6086137600691591, 5.137603841790332E-4
0.6076212380972296, 5.212387893018408E-4
0.6066288091252974, 5.288095309332805E-4
0.6056364731533626, 5.36473567737091E-4
0.6046442311814251, 5.442318589938533E-4
0.6036520852094849, 5.520853641833826E-4
0.602660034237542, 5.600350748029493E-4
0.6016680812655963, 5.680819587722283E-4
0.6006762262936479, 5.762270163429253E-4
0.5996844703216967, 5.844712482042348E-4
0.5986928153497426, 5.928156550419015E-4
0.5977012603777857, 6.012612713594195E-4
0.5967098084058259, 6.098091063793884E-4
0.5957184594338631, 6.184602034712404E-4
0.5947272154618974, 6.272155973612955E-4
0.5937360754899288, 6.360763580982754E-4
0.5927450435179571, 6.450435199159658E-4
0.5917541175459824, 6.54118179910207E-4
0.5907633005740046, 6.633013988393663E-4
0.5897725936020237, 6.725942644697137E-4
0.5887819976300397, 6.819978736523072E-4
0.5877915126580525, 6.915133420524967E-4
0.5868011416860621, 7.011417656742911E-4
0.5858108837140685, 7.10884288462969E-4
0.5848207417420717, 7.207420245899037E-4
0.5838307157700715, 7.307161270977522E-4
0.582840806798068, 7.408077487322129E-4
0.5818510178260612, 7.510180310368618E-4
0.580861347854051, 7.613481661892841E-4
0.5798717988820373, 7.717993251630164E-4
0.5788823719100202, 7.823726989367944E-4
0.5778930689379996, 7.93069477433599E-4
0.5769038899659755, 8.038908819626801E-4
0.5759148379939478, 8.148381109044274E-4
0.5749259120219166, 8.259124166820296E-4
0.5739371140498817, 8.371150286754412E-4
0.5729484470778431, 8.484471743795531E-4
0.5719599101058008, 8.599101371074468E-4
0.5709715051337548, 8.715051761600094E-4
0.5699832331617051, 8.832335726136373E-4
0.5689950961896515, 8.950966059239331E-4
0.5680070952175941, 9.070955777302117E-4
0.5670192312455328, 9.192318002672818E-4
0.5660315062734675, 9.315065839421908E-4
0.5650439203013984, 9.439212746184831E-4
0.5640564763293252, 9.564771911916972E-4
0.563069175357248, 9.691756881533237E-4
0.5620820173851667, 9.820181440399454E-4
0.5610950054130813, 9.950059093256965E-4
0.5601081394409918, 0.001008140384555806
0.5591214224688981, 0.0010214229414611915
0.5581348544968001, 0.0010348550028914918
0.5571484375246979, 0.001048437975962321
0.5561621725525914, 0.001062173292593764
0.5551760615804805, 0.001076062382042146
0.5541901066083652, 0.001090106684504329
0.5532043076362455, 0.0011043076801577998
0.5522186666641213, 0.001118666832262274
0.5512331846919927, 0.001133185630053506
0.5502478647198594, 0.0011478655446985578
0.5492627077477216, 0.0011627080882986014
0.5482777147755791, 0.0011777147850002795
0.5472928868034319, 0.0011928871710810325
0.54630822583128, 0.0012082267793697133
0.5453237348591233, 0.0012237351384584874
0.5443394128869619, 0.0012394138519745848
0.5433552639147955, 0.0012552644564434805
0.5423712879426242, 0.0012712885642875889
0.541387486970448, 0.0012874877681565919
0.5404038629982668, 0.0013038636726800446
0.5394204170260806, 0.001320417911465452
0.5384371520538892, 0.001337152096768068
0.5374540670816927, 0.0013540679215026097
0.5364711661094911, 0.0013711670056824423
0.5354884501372842, 0.0013884510332131863
0.534505921165072, 0.0014059216833296783
0.5335235801928545, 0.0014235806658580987
0.5325414292206316, 0.0014414296857357212
0.5315594702484033, 0.001459470460578677
0.5305777042761696, 0.00147770473943205
0.5295961333039303, 0.001496134266109212
0.5286147603316854, 0.0015147607782605736
0.5276335853594349, 0.0015335860835754386
0.5266526113871788, 0.001552611945982395
0.5256718394149169, 0.0015718401811520494
0.5246912724426492, 0.0015912725789916948
0.5237109104703758, 0.001610911002289433
0.5227307564980964, 0.0016307572678916594
0.5217508125258111, 0.0016508132258384535
0.5207710805535198, 0.0016710807397329274
0.5197915615812225, 0.001691561707843084
0.5188122576089191, 0.0017122580218173653
0.5178331706366096, 0.0017331715871233197
0.5168543036642939, 0.001754304301425751
0.5158756576919719, 0.0017756581193175576
0.5148972347196435, 0.0017972349882117225
0.5139190367473089, 0.001819036869671349
0.5129410647749678, 0.0018410657621379036
0.5119633228026202, 0.0018633236106782435
0.5109858118302661, 0.0018858124422164364
0.5100085338579055, 0.0019085342757583484
0.5090314908855381, 0.001931491144883211
0.5080546849131641, 0.0019546850978295546
0.5070781179407833, 0.001978118197581564
0.5061017919683957, 0.002001792521955866
0.5051257099960011, 0.002025710139056625
0.5041498730235997, 0.0020498731807419546
0.5031742830511913, 0.00207428376984382
0.5021989430787758, 0.002098944018962363
0.5012238551063531, 0.0021238560805884005
0.5002490211339233, 0.002149022122560539
0.4992744441212098, 0.002174444302989977
0.49830012409467983, 0.002200124872180866
0.49732606506815696, 0.0022260659914765495
0.49635226904164126, 0.0022522698901736955
0.49537873801513277, 0.0022787388133545974
0.4944054749886316, 0.0023054749943663905
0.4934324799621377, 0.002332480765077585
0.4924597579356512, 0.002359758334776585
0.4914873099091722, 0.0023873100393418715
0.49051513788270074, 0.0024151382032726013
0.48954324485623685, 0.002443245138326824
0.4885716328297806, 0.0024716332008551233
0.4876003038033321, 0.0025003047637082196
0.48662926177689136, 0.0025292621563852598
0.4856585077504585, 0.002558507813460537
0.4846880437240335, 0.002588044156911314
0.4837178726976165, 0.0026178735946781884
0.4827479976712076, 0.0026479985504031006
0.48177842064480675, 0.002678421495035374
0.4808091446184141, 0.0027091448847903683
0.4798401705920297, 0.0027401712561734653
0.47887150256565364, 0.002771503066773595
0.47790314253928595, 0.002803142854637682
0.4769350925129267, 0.0028350931752955514
0.475967356486576, 0.0028673565348450183
0.4749999354602339, 0.002899935555893969
0.47403283243390043, 0.0029328328117883056
0.4730660504075757, 0.0029660508923599884
0.4720995923812598, 0.0029995924039975677
0.47113345935495277, 0.0030334600401777704
0.4701676563286547, 0.0030676563715686346
0.4692021833023656, 0.003102184162494844
0.4682370452760857, 0.003137046016934585
0.4672722442498149, 0.0031722446629208843
0.46630778222355335, 0.00320778284695271
0.46534366319730114, 0.0032436632592962875
0.4643798881710583, 0.0032798887192284354
0.46341646114482493, 0.003316461951818238
0.4624533851186011, 0.0033533857364897324
0.4614906620923869, 0.0033906629089743997
0.46052829606618245, 0.0034282962454180994
0.4595662880399877, 0.0034662886570305538
0.45860464201380285, 0.003504642955531868
0.4576433609876279, 0.003543362009255961
0.456682447961463, 0.003582448704309962
0.4557219059353082, 0.0036219059446458224
0.4547617359091635, 0.0036617367355053455
0.45380194388302914, 0.003701943892915454
0.45284252985690504, 0.003742530501104207
0.4518834988307914, 0.0037834994527772866
0.4509248528046882, 0.0038248537855657314
0.4499665957785956, 0.00386659646952586
0.44900872975251366, 0.003908730579772409
0.44805125872644247, 0.0039512591222972005
0.4470941847003821, 0.003994185209999119
0.44613751167433263, 0.004037511885076417
0.44518124164829415, 0.004081242298512313
0.44422537862226674, 0.0041253795289817345
0.44326992659625053, 0.0041699266721523425
0.44231488657024554, 0.00421488698263086
0.4413602635442519, 0.0042602635465315356
0.44040605951826967, 0.004306059609954617
0.4394522774922989, 0.004352278391206647
0.4384989224663398, 0.004398923029396166
0.4375459964403924, 0.004445996827944098
0.4365935024144567, 0.004493503061289048
0.4356414443885329, 0.004541444972585099
0.4346898253626211, 0.0045898258735073095
0.43373864833672127, 0.004638649095158691
0.4327879173108336, 0.004687917936069611
0.43183763528495817, 0.004737635764909496
0.43088780525909504, 0.004787805969957779
0.4299384312332443, 0.004838431905592716
0.4289895162074061, 0.004889516997983761
0.4280410641815805, 0.004941064638481904
0.4270930781557676, 0.004993078291341363
0.42614556112996743, 0.00504556144071453
0.42519851710418016, 0.00509851753453677
0.42425194907840585, 0.005151950095356647
0.42330586205264464, 0.005205862551286285
0.4223602580268966, 0.005260258519624733
0.4214151410011618, 0.005315141523321172
0.42047051497544036, 0.0053705151033593005
0.41952638194973235, 0.005426382937680988
0.41858274792403793, 0.005482748486734783
0.41763961489835716, 0.0055396154669046715
0.41669698687269013, 0.005596987494944462
0.41575486784703697, 0.005654868205785488
0.41481326082139774, 0.005713261314856377
0.41387216979577257, 0.0057721704952419265
0.41293159877016156, 0.0058315994382756526
0.4119915517445648, 0.005891551853552124
0.4110520307189824, 0.005952031598284571
0.41011304169341445, 0.006013042291694088
0.4091745876678611, 0.0060745877641393
0.40823667164232236, 0.0061366718667369875
0.4072992976167984, 0.006199298404299091
0.4063624705912893, 0.006262471132267199
0.40542619356579523, 0.006326193958694903
0.4044904705403162, 0.006390470743519552
0.4035553045148524, 0.006455305434717071
0.4026207014894039, 0.006520701790349079
0.40168666346397075, 0.0065866638654800535
0.40075319543855314, 0.006653195523975776
0.39982030041315114, 0.006720300790006096
0.3988879833877649, 0.0067879835629353884
0.39795624736239443, 0.006856247905060827
0.39702509733703994, 0.00692509775120952
0.3960945363117015, 0.006994537201808265
0.3951645692863792, 0.007064570227100547
0.3942352002610732, 0.007135200889288984
0.3933064332357836, 0.007206433268922735
0.3923782712105105, 0.0072782715426376685
0.391450719185254, 0.00735071975131089
0.3905237811600142, 0.007423782030473504
0.38959746213479124, 0.00749746245404571
0.38867176510958523, 0.007571765272571375
0.38774669408439627, 0.007646694676387494
0.3868222540592245, 0.007722254791960355
0.38589844903407, 0.0077984498438383705
0.3849752830089329, 0.007875284074725571
0.38405276098381336, 0.007952761661092295
0.3831308859587114, 0.00803088696471252
0.38220966393362726, 0.008109664110783392
0.38128909690856094, 0.008189097583039429
0.3803691908835126, 0.00826919153958176
0.3794499498584824, 0.008349950326676394
0.3785313778334704, 0.008431378308460991
0.37761347880847673, 0.008513479866907757
0.37669625878350155, 0.008596259220474519
0.37577972075854493, 0.008679720873265528
0.374863868733607, 0.008763869258014343
0.3739487077086879, 0.008848708731965142
0.3730342426837877, 0.008934243666608008
0.3721204776589066, 0.009020478542359059
0.3712074176340447, 0.009107417761397892
0.37029506560920206, 0.009195065932831911
0.36938342658437884, 0.009283427491756013
0.3684725065595752, 0.009372506788810228
0.3675623075347912, 0.009462308581178082
0.366652836510027, 0.009552837150188016
0.3657440964852827, 0.009644097187003669
0.3648360924605585, 0.009736093199667848
0.3639288294358544, 0.009828829709415055
0.3630223104111706, 0.009922311457685067
0.36211654238650726, 0.010016542788183359
0.36121152836186443, 0.010111528471741833
0.36030727233724225, 0.010207273192903241
0.3594037813126409, 0.010303781330648673
0.3585010572880604, 0.010401057809990354
0.357599106263501, 0.010499107142822659
0.35669793323896276, 0.010597933959503357
0.3557975422144458, 0.010697543013454007
0.3548979381899503, 0.010797938961691362
0.35399912616547635, 0.010899126472889186
0.3531011101410241, 0.01100111034126585
0.3522038951165936, 0.011103895261277757
0.35130748509218507, 0.011207486054617575
0.35041188706779863, 0.01131188720678222
0.34951710304343436, 0.011417103796445689
0.34862314001909245, 0.011523140329546768
0.34773000099477297, 0.011630001794902239
0.3468376919704761, 0.011737692836271041
0.34594621794620195, 0.011846218225575
0.3450555819219506, 0.011955582991244022
0.3441657908977223, 0.012065791682332103
0.3432768488735171, 0.01217684922522396
0.34238875984933514, 0.012288760559866285
0.34150152982517656, 0.01240153038432813
0.3406151628010415, 0.012515163658651633
0.33972966477693006, 0.012629665096191782
0.3388450387528424, 0.012745039807191742
0.33796129172877865, 0.012861292390605817
0.33707842770473895, 0.012978427844031012
0.3361964506807234, 0.013096451177289574
0.33531536665673217, 0.013215367141181456
0.33443517963276537, 0.013335180762520531
0.3335558966088232, 0.013455896666121079
0.33267751958490566, 0.01357752016937127
0.331800055561013, 0.013700055909070424
0.3309235085371453, 0.013823508943017026
0.3300478835133027, 0.01394788419706512
0.3291731854894854, 0.014073186602722122
0.32829942046569344, 0.014199420951782372
0.327426591441927, 0.014326592475146355
0.3265547054181862, 0.01445470582815197
0.3256837653944712, 0.014583766255925827
0.3248137783707821, 0.014713778417533614
0.3239447473471191, 0.014844747571201054
0.32307667832348225, 0.01497667853105068
0.3222095752998717, 0.015109576417198725
0.32134344527628766, 0.015243445892274363
0.3204782912527302, 0.01537829223720041
0.31961411922919947, 0.015514120272171488
0.3187509342056956, 0.0156509349732574
0.31788874118221877, 0.01578874131815181
0.31702754415876905, 0.015927544447677175
0.3161673491353466, 0.016067349182601765
0.31530816011195156, 0.016208160668007614
0.3144499830885841, 0.016349983722800002
0.3135928230652443, 0.016492823327584522
0.3127366840419323, 0.01663668463118189
0.31188157201864825, 0.01678157244686313
0.3110274909953923, 0.016927491924132922
0.31017444697216456, 0.017074447870569748
0.3093224449489652, 0.01722244526043174
0.30847148892579435, 0.017371489241398558
0.3076215839026521, 0.017521584786796805
0.3067727358795386, 0.01767273668794822
0.3059249498564541, 0.017824949906920587
0.3050782288333985, 0.01797822976522977
0.30423257981037216, 0.018132580858775435
0.3033880077873751, 0.018288008136104927
0.3025445157644075, 0.01844451691299196
0.30170211074146946, 0.018602111760261122
0.30086079671856114, 0.01876079779838892
0.3000205796956827, 0.018920579765436825
0.2991814626728342, 0.019081462963597067
0.2983434516500158, 0.01924345211773547
0.29750655162722767, 0.0194065521340244
0.2966707676044699, 0.019570767910072128
0.29583610358174267, 0.019736104533330995
0.2950025655590461, 0.01990256668716695
0.2941701585363803, 0.020070159240584792
0.2933388865137454, 0.02023888725584066
0.29250875449114155, 0.020408755585303806
0.2916797684685689, 0.020579768862705017
0.29085193144602756, 0.020751932329442908
0.29002524942351765, 0.020925250596315982
0.28919972740103933, 0.021099728466475794
0.28837537037859273, 0.021275370729423624
0.28755218235617797, 0.021452182376113096
0.28673016733379514, 0.021630168389701443
0.28590933231144444, 0.021809333087657336
0.285089681289126, 0.021989681420316435
0.2842712182668399, 0.022171218328646505
0.28345394824458625, 0.02235394851930151
0.28263787622236525, 0.022537876681424752
0.281823007200177, 0.022723007486048937
0.2810093451780216, 0.022909345815416093
0.28019689515589924, 0.023096896308029156
0.27938566313381, 0.023285663348893784
0.27857565111175403, 0.023475652236986815
0.27776686608973145, 0.02366686708578947
0.2769593120677424, 0.023859312689784886
0.27615299304578694, 0.024052993828635245
0.27534791402386527, 0.024247915023578946
0.2745440800019775, 0.024444080772250448
0.27374149498012373, 0.02464149579495466
0.2729401639583041, 0.024840164545961354
0.27214009093651875, 0.025040091704847455
0.2713412809147678, 0.025241281680005393
0.2705437378930513, 0.025443739107795443
0.2697474678713695, 0.025647468091302018
0.2689524728497224, 0.025852473732820222
0.2681587588281102, 0.02605876008636712
0.267366330806533, 0.02626633143120295
0.2665751917849909, 0.02647519254630683
0.26578534676348403, 0.026685347661958233
0.26499680074201254, 0.02689680097674719
0.2642095567205765, 0.027109557199427366
0.26342361969917605, 0.02732362047562541
0.2626389946778113, 0.027538994917129096
0.2618556846564824, 0.02775568515651804
0.2610736946351894, 0.02797369524850086
0.2602930286139325, 0.02819302949377607
0.25951369159271176, 0.028413691880696756
0.2587356865715273, 0.028635686932897603
0.2579590185503792, 0.028859018576011065
0.25718369052926765, 0.0290836912783663
0.2564097085081927, 0.029309708606906404
0.2556370744871545, 0.02953707526053529
0.25486579446615315, 0.029765794733182086
0.2540958704451887, 0.029995871667348448
0.2533273084242614, 0.030227309480945395
0.2525601114033712, 0.030460112452665403
0.2517942833825183, 0.030694284528216573
0.2510298283617028, 0.030929829617256866
0.25026675034092477, 0.03116675159263461
0.2495050533339219, 0.031405054285307016
0.2487447413343221, 0.03164474149411157
0.24798581633472155, 0.03188581761686734
0.24722828533512028, 0.03212828542213258
0.24647214933551828, 0.03237214955101556
0.24571741233591554, 0.03261741365393416
0.24496408033631206, 0.032864080681801924
0.24421215433670784, 0.033112155178453215
0.24346163933710288, 0.03336164033912448
0.24271253933749717, 0.03361253964060895
0.24196485633789072, 0.033864857191688434
0.24121859533828352, 0.03411859605137141
0.24047375933867557, 0.03437375990910199
0.23973035133906687, 0.03463035241670415
0.2389883763394574, 0.03488837648955355
0.2382478353398472, 0.03514783638971609
0.23750873434023623, 0.035408734588801234
0.2367710743406245, 0.03567107527089755
0.236034860341012, 0.035934861161344825
0.23530009534139876, 0.036200095646529325
0.23456678134178474, 0.03646678243479812
0.23383492334216996, 0.03673492409830685
0.2331045233425544, 0.03700452425426637
0.2323755853429381, 0.03727558573894559
0.231648111343321, 0.037548112083378896
0.23092210534370314, 0.037822106025098855
0.2301975703440845, 0.03809757062425845
0.2294745083444651, 0.0383745092767608
0.2287529233448449, 0.03865292456585908
0.22803281834522393, 0.038932819403293066
0.22731419634560218, 0.0392141966496649
0.22659705934597965, 0.03949705950948321
0.22588141034635634, 0.039781410747283134
0.22516725234673224, 0.04006725307403543
0.22445458834710735, 0.04035458914628845
0.22374342134748168, 0.04064342156530281
0.22303375234785522, 0.0409337536973807
0.22232558634822797, 0.04122558722136944
0.22161892434859992, 0.04151892540073577
0.22091376934897108, 0.04181377062509714
0.22021012434934145, 0.0421101252245634
0.21950799134971102, 0.042407991894596785
0.2188073723500798, 0.04270737328167918
0.21810827035044777, 0.04300827155061026
0.21741068835081495, 0.043310688803224785
0.21671462735118133, 0.04361462795391493
0.2160200903515469, 0.04392009099473689
0.21532707935191167, 0.04422708029674303
0.21463559735227564, 0.04453559772947788
0.2139456453526388, 0.04484564599707467
0.21325722635300115, 0.04515722685275101
0.2125703423533627, 0.04547034243809109
0.21188499435372343, 0.04578499529843041
0.21120118635408336, 0.046101186542332105
0.21051891835444247, 0.046418919062795085
0.20983819335480078, 0.046738194307852865
0.20915901335515827, 0.04705901412603824
0.20848137935551495, 0.047381380782212996
0.2078052943558708, 0.04770529553127818
0.20713075935622585, 0.048030760520276654
0.20645777635658008, 0.04835777735872177
0.2057863473569335, 0.048686347591785466
0.20511647235728608, 0.0490164736885463
0.20444815535763786, 0.04934815608775219
0.2037813963579888, 0.04968139713958622
0.20311619735833894, 0.050016198144482354
0.20245255935868825, 0.05035256084303716
0.20179048535903674, 0.050690485896386764
0.2011299753593844, 0.051029975428525096
0.20047103035973124, 0.051371031001774224
0.19981365236007725, 0.05171365359814333
0.19915784336042244, 0.0520578441270387
0.1985036033607668, 0.0524036044850014
0.19785093436111034, 0.05275093545560253
0.19719983736145305, 0.053099838285007805
0.19655031336179493, 0.05345031415823515
0.19590236336213598, 0.053802364198418294
0.1952559883624762, 0.05415598946606665
0.1946111903628156, 0.054511190405549
0.19396796836315416, 0.05486796905161112
0.1933263243634919, 0.055226325723416805
0.1926862603638288, 0.0555862606591993
0.19204777536416487, 0.05594777571973033
0.1914108703645001, 0.05631087158556979
0.1907755473648345, 0.05667554829349378
0.1901418063651681, 0.05704180695572754
0.18950964736550083, 0.05740964863082949
0.18887907236583273, 0.057779073147421256
0.1882500813661638, 0.05815008143097383
0.18762267336649405, 0.05852267494717342
0.18699685136682345, 0.05889685272194872
0.18637261536715202, 0.05927261548767117
0.18574996436747976, 0.05964996452710177
0.18512889936780666, 0.060028899856764815
0.18450942136813273, 0.060409421417882095
0.18389152936845796, 0.06079153031652422
0.18327522536878235, 0.06117522574123299
0.1826605083691059, 0.06156050867282395
0.18204737836942864, 0.06194737941430875
0.18143583636975052, 0.062335837569270164
0.18082588237007158, 0.06272588330310813
0.1802175163703918, 0.06311751671774563
0.17961073737071118, 0.0635107385012042
0.17900554637102972, 0.0639055479850198
0.17840194437134743, 0.06430194441805283
0.1777999283716643, 0.06469992961874278
0.17719950137198034, 0.06509950138546443
0.17660066037229555, 0.06550066142909987
0.17600340737260992, 0.0659034080630235
0.17540774137292345, 0.066307741539585
0.17481366137323615, 0.06671366205983918
0.174221168373548, 0.06712116839302798
0.17363026037385904, 0.06753026130366359
0.17304093837416923, 0.06794093942419689
0.1724532013744786, 0.06835320270468684
0.1718670493747871, 0.06876705033295821
0.1712824813750948, 0.06918248213695675
0.17069949637540166, 0.0695994978897187
0.17011809537570768, 0.07001809586427478
0.16953827637601288, 0.0704382764213018
0.16896003837631723, 0.07086003915209763
0.16838338137662076, 0.07128338285460069
0.16780830537692346, 0.07170830625034187
0.16723480837722532, 0.07213480947593456
0.16666289037752635, 0.07256289112695828
0.16609255037782655, 0.07299255047654726
0.16552378637812593, 0.07342378749905472
0.16495659937842447, 0.07385659983192683
0.16439098637872218, 0.07429098809486873
0.16382694837901907, 0.07472694978456952
0.16326448337931512, 0.07516448463794385
0.16270359037961035, 0.07560359156461278
0.16214426837990475, 0.07604426941197012
0.16158651638019833, 0.07648651696470825
0.16103033238049108, 0.07693033374484884
0.160475716380783, 0.07737571761993717
0.1599226663810741, 0.0778226679944974
0.15937118238136438, 0.07827118259729322
0.15882126138165384, 0.07872126153456227
0.15827290238194247, 0.07917290323606781
0.15772610438223028, 0.07962610606581376
0.15718086738251727, 0.08008086748487307
0.15663718738280344, 0.08053718823433746
0.1560950643830888, 0.08099506566245901
0.15555449738337332, 0.08145449788137799
0.15501548338365703, 0.08191548465102308
0.15447802238393993, 0.08237802311589025
0.153942111384222, 0.08284211293622012
0.15340775038450327, 0.08330775112394061
0.15287493638478372, 0.08377493723829631
0.15234366838506336, 0.0842436690420581
0.15181394438534218, 0.08471394511813236
0.1512857623856202, 0.08518576400063739
0.1507591213858974, 0.08565912327305816
0.15023402038617378, 0.08613402044730321
0.14971045538644936, 0.08661045570156972
0.14918842538672414, 0.08708842645378331
0.1486679293869981, 0.08756793004926182
0.14814896438727126, 0.08804896561973
0.14763152938754362, 0.08853153039803921
0.14711562238781517, 0.0890156224844444
0.14660124038808592, 0.08950124087491246
0.14608838238835586, 0.08998838263156256
0.145577045388625, 0.09047704665882006
0.14506722838889335, 0.09096722990368189
0.1445589293891609, 0.09145893020790095
0.14405214538942765, 0.0919521463369607
0.1435468743896936, 0.09244687604524787
0.14304311538995876, 0.09294311604633294
0.14254086439022312, 0.09344086595896764
0.1420401213904867, 0.09394012139639907
0.14154088139074947, 0.09444088290064423
0.14104314439101145, 0.09494314597192322
0.14054690739127265, 0.09544690906278361
0.14005216839153306, 0.09595216957171913
0.13955892439179268, 0.09645892587343943
0.13906717339205152, 0.09696717527620373
0.13857691339230957, 0.09747691503371526
0.13808814139256684, 0.09798814339394735
0.13760085639282332, 0.09850085646423419
0.13711505339307903, 0.099015054518075
0.13663073239333395, 0.0995307325096711
0.1361478893935881, 0.10004788958427238
0.13566652239384147, 0.10056652272105668
0.13518662839409407, 0.10108662993052439
0.1347082063943459, 0.10160820700612243
0.13423125239459693, 0.1021312529591401
0.1337557643948472, 0.10265576458364127
0.13328173939509672, 0.1031817397302968
0.13280917439534545, 0.10370917621944742
0.13233806839559342, 0.10423806958926655
0.13186841739584063, 0.10476841869260849
0.13140021939608706, 0.10530022010000097
0.13093347139633274, 0.10583347147093698
0.13046817039657765, 0.10636817043455664
0.1300043133968218, 0.10690431458971628
0.1295418983970652, 0.10744190033912657
0.12908092339730784, 0.10798092402829726
0.12862138339754972, 0.10852138548380183
0.12816327839779085, 0.10906327862487901
0.12770660239803122, 0.1096066044176471
0.12725135539827084, 0.11015135668013804
0.12679753339850972, 0.11069753394555829
0.12634513339874784, 0.11124513353078329
0.12589415239898522, 0.11179415272276144
0.12544458739922185, 0.11234458877860233
0.12499643639945773, 0.11289643769075679
0.12454969639969288, 0.11344969663574829
0.12410436339992728, 0.11400436400942017
0.12366043540016095, 0.11456043569408951
0.12321790840039387, 0.1151179100407681
0.12277678140062606, 0.11567678158820652
0.12233704940085752, 0.11623704989919852
0.12189871040108824, 0.11679871071015233
0.12146176040131823, 0.11736176228391045
0.12102619840154749, 0.11792619898488774
0.12059201940177602, 0.11849202031758742
0.12015922140200383, 0.1190592218737371
0.11972780040223091, 0.11962780183024053
0.11929775440245727, 0.12019775570703384
0.1188690794026829, 0.12076908163898
0.11844177340290782, 0.12134177507458262
0.11801583240313201, 0.1219158341072776
0.1175912534033555, 0.12249125547356593
0.11716803440357826, 0.12306803451556057
0.11674617040380031, 0.12364617064003715
0.11632565840402165, 0.12422566052345672
0.11590649740424228, 0.12480649803600478
0.1154886824044622, 0.12538868254824834
0.11507221040468141, 0.12597221065538677
0.11465707840489991, 0.12655707892588072
0.11424328340511772, 0.127143283901599
0.11383082140533482, 0.1277308235263575
0.11341969140555122, 0.12831969144037447
0.11300988740576692, 0.12890988841549839
0.11260140740598193, 0.1295014094842313
0.11219424940619624, 0.1300942496218078
0.11178840740640986, 0.1306884096181078
0.11138388140662278, 0.13128388147754172
0.11098066540683502, 0.13188066598768347
0.11057875740704656, 0.13247875803926504
0.11017815340725742, 0.13307815546673588
0.1097788514074676, 0.1336788530958271
0.10938084740767709, 0.13428084872875115
0.1089841384078859, 0.13488413865167131
0.10858872040809403, 0.1354887206601628
0.10819459040830148, 0.1360945910180478
0.10780174540850826, 0.13670174596603354
0.10741018140871436, 0.13731018327994834
0.10701989640891979, 0.13791989761356702
0.10663088640912455, 0.13853088671435218
0.10624314740932864, 0.13914314834122318
0.10585667640953206, 0.1397566786733258
0.10547147140973481, 0.14037147226800376
0.1050875274099369, 0.14098752845357437
0.10470484141013833, 0.14160484337088278
0.1043234114103391, 0.1422234115140658
0.10394323141053921, 0.14284323386087147
0.10356430141073866, 0.14346430161267548
0.10318661541093746, 0.14408661575903856
0.1028101704111356, 0.1447101723920658
0.1024349644113331, 0.14533496591509776
0.10206099341152994, 0.14596099403410479
0.10168825341172613, 0.14658825447156085
0.10131674141192168, 0.1472167432708711
0.10094645441211658, 0.14784645645742706
0.10057738941231084, 0.1484773900388519
0.10020954141250446, 0.14910954345128238
0.09984290841269744, 0.14974291098964876
0.09947748741288978, 0.1503774886371438
0.09911327341308149, 0.15101327586079286
0.09875026441327256, 0.15165026690638375
0.098388457413463, 0.15228845773592184
0.09802784741365281, 0.15292784785121954
0.09766843141384199, 0.15356843323883113
0.09731020741403054, 0.1542102080745256
0.09695317041421847, 0.15485317189900355
0.09659731841440578, 0.1554973188689348
0.09624264641459246, 0.15614264856255106
0.09588915241477852, 0.1567891551190434
0.09553683341496397, 0.15743683447011428
0.0951856844151488, 0.1580856862398625
0.09483570341533301, 0.15873570452995228
0.09448688641551661, 0.15938688713539395
0.0941392294156996, 0.16003923187797336
0.09379273041588199, 0.16069273282525698
0.09344738541606376, 0.16134738779660776
0.09310319141624493, 0.16200319272954486
0.0927601444164255, 0.16266014547159718
0.09241824141660546, 0.16331824197008354
0.09207747841678482, 0.1639774801027667
0.09173785341696358, 0.16463785387935415
0.09139936141714175, 0.16529936313952762
0.09106200041731932, 0.16596200188679014
0.0907257664174963, 0.16662576803572574
0.09039065641767269, 0.1672906575446024
0.09005666641784849, 0.1679566683641856
0.0897237944180237, 0.16862379446084047
0.08939203541819832, 0.16929203581268895
0.08906138641837236, 0.16996138841452302
0.08873184541854581, 0.17063184621673472
0.08840340741871869, 0.17130340927391943
0.08807607041889098, 0.171976071538155
0.0877498304190627, 0.17264983105763199
0.08742468341923385, 0.17332468591852648
0.08710062741940441, 0.17400063006359595
0.08677765941957441, 0.17467765949332204
0.08645577441974384, 0.17535577443005684
0.0861349694199127, 0.17603497093359022
0.08581524242008098, 0.17671524293002056
0.08549658842024871, 0.17739659073331196
0.08517900542041587, 0.17807900827973586
0.08486249042058247, 0.1787624916283923
0.08454703842074851, 0.17944704119000426
0.08423264842091399, 0.18013264871775908
0.08391931442107892, 0.18081931686526784
0.08360703542124329, 0.1815070373793629
0.0832958074214071, 0.1821958085788646
0.08298562642157037, 0.18288562882917808
0.08267649042173308, 0.18357649206254467
0.08236839542189525, 0.18426839667428277
0.08206133842205687, 0.1849613388460563
0.08175531542221795, 0.18565531703805838
0.08145032442237848, 0.1863503251918254
0.08114636142253848, 0.18704636180171125
0.08084342242269793, 0.18774342541326336
0.08054150642285685, 0.18844150767074364
0.08024060842301523, 0.18914060945256317
0.07994072542317307, 0.18984072705468888
0.07964185442333038, 0.19054185678196994
0.07934399242348716, 0.1912439949486003
0.07904713642364342, 0.19194713787858328
0.07875128242379914, 0.19265128429197087
0.07845642742395434, 0.1933564305682213
0.07816256942410901, 0.19406257068950308
0.07786970342426316, 0.1947697058646687
0.0775778274244168, 0.19547783011179454
0.0772869384245699, 0.19618693985912852
0.0769970324247225, 0.19689703400357894
0.07670810642487458, 0.19760810903589424
0.07642015842502614, 0.1983201589827543
0.07613318342517719, 0.1990331853103919
0.07584717942532773, 0.19974718208809045
0.07556214342547776, 0.20046214586828418
0.07527807242562728, 0.20117807322010625
0.0749949624257763, 0.20189496326809928
0.07471281042592481, 0.20261281265241174
0.07443161442607282, 0.20333161546944262
0.07415137042622033, 0.2040513709349799
0.07387207542636734, 0.2047720757462091
0.07359372642651385, 0.20549372662044335
0.07331631942665987, 0.2062163229066138
0.07303985342680538, 0.20693985615430416
0.07276432442695041, 0.20766432574319857
0.07248972842709495, 0.208389731124498
0.07221606342723899, 0.20911606650128498
0.07194332642738255, 0.20984332872331166
0.07167151442752562, 0.2105715146643425
0.0714006234276682, 0.21130062392052418
0.0711306504278103, 0.2120306534531114
0.07086159442795192, 0.21276159480334247
0.07059344942809306, 0.21349345311607612
0.07032621542823372, 0.21422621722502252
0.07005988742837391, 0.21495988964458793
0.06979446342851361, 0.21569446469756046
0.06952993942865285, 0.21642994225791945
0.06926631342879161, 0.21716631668110767
0.0690035824289299, 0.217903585113635
0.06874174342906772, 0.2186417447325337
0.06848079242920507, 0.2193807955846416
0.06822072842934196, 0.22012072924563209
0.06796154642947838, 0.22086154867832494
0.06770324542961434, 0.22160324547148702
0.06744582042974984, 0.2223458227070959
0.06718927042988487, 0.22308927198918369
0.06693359143001945, 0.22383359360399033
0.06667878143015357, 0.22457878206412937
0.06642483643028724, 0.2253248377539889
0.06617175443042045, 0.2260717552323181
0.06591953143055321, 0.22681953498446372
0.06566816643068552, 0.22756816863271578
0.06541765543081737, 0.22831765672546592
0.06516799543094878, 0.22906799689236662
0.06491918343107975, 0.22981918680302613
0.06467121743121027, 0.2305712211280078
0.06442409443134034, 0.23132409757755457
0.06417781143146997, 0.2320778139036434
0.06393236543159916, 0.2328323679006804
0.06368775343172792, 0.23358775740620188
0.06344397343185623, 0.23434397719252958
0.06320102243198411, 0.23510102514352899
0.06295889743211155, 0.2358588991880371
0.06271759543223857, 0.23661759730058052
0.062477113432365144, 0.23737711750209992
0.06223745043249129, 0.2381374515014243
0.06199860143261701, 0.23889860371672078
0.061760565432742304, 0.2396605658958681
0.06152333843286717, 0.24042333938890315
0.06128691843299161, 0.2411869191790724
0.06105130243311563, 0.24195130349377714
0.060816487433239225, 0.24271649061144077
0.0605824714333624, 0.2434824755817658
0.06034925243348516, 0.24424925344856172
0.060116825433607496, 0.24501682917934495
0.05988519043372942, 0.2457851912903762
0.059654342433850926, 0.24655434487190442
0.05942428043397202, 0.24732428177118165
0.059195000434092704, 0.24809500387948866
0.058966501434212976, 0.24886650305257305
0.05873877943433284, 0.24963878128033087
0.05851183243445229, 0.2504118338427076
0.05828565743457134, 0.2511856594470256
0.058060252434689985, 0.25196025341584527
0.057835614434808225, 0.2527356145303117
0.05761174043492606, 0.2535117416321656
0.0573886284350435, 0.2542886301348714
0.057166275435160535, 0.25506627895786643
0.05694467943527717, 0.2558446835629565
0.056723838435393414, 0.2566238394138343
0.05650374843550926, 0.25740374907909647
0.05628440743562471, 0.2581844081204368
0.05606581243573977, 0.258965815685538
0.05584796243585444, 0.2597479637922362
0.05563085343596871, 0.26053085524157255
0.0554144834360826, 0.2613144857059544
0.0551988504361961, 0.2620988508632821
0.054983950436309215, 0.26288395371986256
0.05476978243642194, 0.2636697863839494
0.05455634443653429, 0.26445634460026846
0.05434363143664625, 0.2652436352484053
0.05413164343675783, 0.266031646782072
0.05392037743686903, 0.26682037875910586
0.053709830436979855, 0.2676098308107744
0.0534999994370903, 0.2684000026426995
0.05329088343720037, 0.2691908864553932
0.053082479437310065, 0.26998248200780084
0.052874784437419386, 0.2707747891353603
0.052667797437528335, 0.2715678000720315
0.052461514437636914, 0.2723615185658792
0.05225593443774512, 0.2731559368922536
0.05205105443785296, 0.2739510550517672
0.051846871437960435, 0.27474687312529705
0.05164338343806754, 0.27554338735226497
0.05144058943817428, 0.2763405900475239
0.05123848443828066, 0.2771384892993447
0.05103706943838668, 0.27793706957467945
0.050836338438492334, 0.27873634308569206
0.05063629243859763, 0.2795362942820297
0.05043692743870257, 0.2803369275485171
0.05023824043880715, 0.2811382433831434
0.05004023043891137, 0.2819402342536555
0.04984289543901524, 0.282742896654213
0.049646231439118754, 0.28354623528548056
0.049450238439221916, 0.28435023856362834
0.04925491143932473, 0.2851549154281056
0.04906025043942719, 0.28596025431995564
0.0488662524395293, 0.28676625605238143
0.048672915439631065, 0.2875729173501349
0.04848023643973248, 0.28838023915974553
0.048288213439833555, 0.28918821830559877
0.04809684543993428, 0.28999684740187426
0.04790612844003467, 0.29080613177290887
0.04771606144013471, 0.291616064100625
0.04752664144023441, 0.29242664559754045
0.047337867440333775, 0.29323786896189924
0.0471497354404328, 0.29404973981996446
0.046962245440531486, 0.29486224659991545
0.04677539344062984, 0.29567539505613727
0.04658917744072785, 0.2964891823591854
0.046403596440825534, 0.2973036013113581
0.04621864844092288, 0.2981186490872306
0.0460343294410199, 0.29893433176076983
0.04585063844111659, 0.2997506422254802
0.045667573441212944, 0.3005675778040675
0.04548513244130897, 0.3013851358512828
0.045303313441404675, 0.3022033137544583
0.04512211344150005, 0.3030221134622369
0.0449415304415951, 0.3038415324854378
0.04476156344168983, 0.30466156380342263
0.04458220944178423, 0.30548220952476257
0.044403466441878314, 0.3063034672655503
0.044225332441972076, 0.30712533467815345
0.04404780544206552, 0.3079478094517808
0.04387088444215864, 0.30877088465117547
0.04369456544225145, 0.3095945673453389
0.04351884744234394, 0.31041885069486386
0.043343728442436114, 0.31124373254207544
0.043169206442527974, 0.31206921076903843
0.04299527944261952, 0.3128952832981485
0.04282194544271076, 0.3137219480927309
0.04264920244280168, 0.3145492031576413
0.042477047442892296, 0.31537705135854005
0.0423054804429826, 0.31620548116773994
0.0421344974430726, 0.31703450037572345
0.04196409744316229, 0.3178641023411221
0.041794279443251675, 0.3186942803871431
0.041625039443340756, 0.3195250425581574
0.04145637644342953, 0.3203563822886023
0.041288289443518006, 0.3211882929785599
0.04112077544360618, 0.32202077795340484
0.04095383244369405, 0.3228538356674369
0.04078745944378162, 0.32368745960256806
0.040621652443868894, 0.3245216583317819
0.04045641244395587, 0.32535641533216564
0.04029173544404255, 0.3261917392971248
0.04012762044412893, 0.3270276238257862
0.03996406544421502, 0.3278640676101122
0.03980106844430081, 0.3287010693941277
0.039638627444386315, 0.3295386279746062
0.039476740444471525, 0.330376742201766
0.039315405444556445, 0.3312154109799676
0.039154622444641074, 0.33205462280807174
0.038994386444725415, 0.33289439232735885
0.03883469844480947, 0.33373470285389334
0.038675555444893234, 0.33457555868098005
0.038516955444976714, 0.3354169589290189
0.03835889644505991, 0.3362589027764094
0.03820137844514282, 0.3371013787416646
0.03804439644522545, 0.3379444021339659
0.037887951445307794, 0.3387879561663973
0.03773204044538986, 0.33963204554980175
0.03757666244547164, 0.34047666425006673
0.03742181444555315, 0.3413218171447618
0.037267495445634374, 0.34216749828011506
0.037113703445715324, 0.34301370719036606
0.036960437445795996, 0.34386043793788457
0.03680769444587639, 0.344707695676419
0.036655473445956516, 0.34555547455334773
0.036503772446036364, 0.34640377429526514
0.03635258944611594, 0.3472525946953514
0.036201923446195244, 0.3481019299655962
0.03605177344627428, 0.34895177429498186
0.03590213544635304, 0.34980213893229806
0.03575300944643153, 0.35065301251000275
0.03560439344650976, 0.35150439502742375
0.035456285446587715, 0.35235628655442874
0.035308683446665406, 0.3532086872322678
0.03516158644674283, 0.35406159146451466
0.03501499344681999, 0.3549149936343341
0.03486890044689689, 0.35576890567470526
0.03472330844697352, 0.35662331037937994
0.034578213447049894, 0.3574782198537832
0.034433616447126, 0.3583336168300528
0.03428951344720185, 0.3591895135887271
0.03414590344727744, 0.36004590475186793
0.034002784447352774, 0.3609027909231449
0.03386015644742785, 0.36176016073830985
0.03371801644750266, 0.36261802086178824
0.03357636344757722, 0.3634763659910529
0.03343519544765153, 0.364335196903127
0.03329451044772558, 0.36519451445628465
0.033154307447799375, 0.36605431344620254
0.03301458544787292, 0.3669145886534256
0.03287534144794621, 0.36777534723143085
0.03273657544801925, 0.36863657786041204
0.03259828444809204, 0.36949828783808625
0.03246046744816458, 0.37036047211023154
0.03232312344823687, 0.37122312560946114
0.03218624944830892, 0.3720862558924748
0.032049845448380715, 0.37294985167315603
0.031913909448452266, 0.3738139142905484
0.03177843944852357, 0.3746784451728884
0.03164343444859463, 0.3755434394187365
0.03150889244866545, 0.37640889856108095
0.03137481244873602, 0.37727481775352095
0.031241192448806354, 0.3781411986362162
0.031108031448876444, 0.3790080364198767
0.030975327448946294, 0.379875332854292
0.030843079449015903, 0.38074308320939165
0.030711285449085274, 0.3816112893470957
0.030579944449154406, 0.3824799465986999
0.0304490544492233, 0.3833490569407954
0.03031861444929196, 0.38421861576823024
0.03018862244936038, 0.38508862517485093
0.030059077449428567, 0.3859590806212825
0.02992997744949652, 0.3868299843212547
0.029801322449564238, 0.3877013250173379
0.029673109449631724, 0.3885731117781613
0.029545337449698977, 0.3894453402024488
0.029418005449766, 0.390318005884441
0.02929111044983279, 0.3911911182024248
0.029164653449899353, 0.3920646590628227
0.029038631449965685, 0.39293863794558287
0.02891304345003179, 0.3938130505939358
0.028787888450097665, 0.3946878927485966
0.028663164450163314, 0.39556316717947115
0.028538869450228738, 0.3964388767653722
0.028415003450293935, 0.3973150103208227
0.028291564450358908, 0.39819157077815354
0.028168551450423657, 0.3990685540377099
0.028045962450488182, 0.3999459631710083
0.027923795450552485, 0.40082380136263396
0.027802050450616567, 0.4017020574552478
0.027680726450680426, 0.4025807274356807
0.027559820450744066, 0.4034598218622961
0.027439331450807486, 0.4043393368965913
0.027319259450870687, 0.40521926136010894
0.02719960145093367, 0.40609960607664747
0.027080357450996434, 0.40698035990273806
0.026961525451058982, 0.40786152644204554
0.026843103451121314, 0.40874310941882325
0.02672509145118343, 0.4096250977023925
0.026607487451245332, 0.4105074950853289
0.02649029045130702, 0.41139029793597487
0.026373499451368493, 0.41227350262848506
0.026257112451429754, 0.4131571131499745
0.026141127451490803, 0.41404113361345024
0.02602554445155164, 0.4149255529254924
0.025910362451612268, 0.41581036757723466
0.025795579451672684, 0.41669558179469224
0.025681193451732892, 0.41758119993321946
0.02556720445179289, 0.41846721090284295
0.025453610451852682, 0.41935361913828123
0.025340411451912265, 0.42024041350780184
0.02522760445197164, 0.4211276064071178
0.025115188452030812, 0.4220151946671791
0.025003163452089777, 0.4229031671884091
0.024891527452148537, 0.42379152870495446
0.024780278452207094, 0.42468028408751635
0.024669416452265447, 0.4255694222729279
0.024558939452323597, 0.4264589482202935
0.024448847452381545, 0.4273488508300707
0.02433913745243929, 0.4282391432822778
0.024229809452496837, 0.4291298145373442
0.024120861452554182, 0.4300208698325255
0.024012293452611327, 0.43091229809477244
0.023904103452668274, 0.431804104656249
0.023796289452725022, 0.43269629499415124
0.023688851452781573, 0.43358885808432135
0.023581788452837926, 0.4344817911464102
0.023475098452894083, 0.43537509980666994
0.023368780452950044, 0.4362687814182318
0.02326283245300581, 0.4371628418081128
0.02315725545306138, 0.4380572614899274
0.02305204645311676, 0.43895205481768823
0.022947205453171943, 0.43984721076659233
0.022842730453226934, 0.44074273537556
0.022738620453281733, 0.4416386262164309
0.02263487445333634, 0.4425348808826427
0.022531491453390756, 0.44343149698959966
0.022428470453444982, 0.44432847217504895
0.022325809453499018, 0.44522581285737384
0.022223507453552865, 0.4461235168230175
0.022121564453606524, 0.44702157305608375
0.022019978453659994, 0.44791998814950273
0.021918749453713277, 0.448818751067494
0.021817874453766373, 0.44971787745257435
0.021717353453819283, 0.4506173563550366
0.021617185453872007, 0.4515171857126666
0.021517368453924546, 0.45241737252598585
0.0214179024539769, 0.4533179058213873
0.02131878545402907, 0.454218792725412
0.021220017454081058, 0.455120022250099
0.021121596454132863, 0.4560216016502922
0.021023521454184485, 0.45692352913916023
0.020925792454235925, 0.4578257937096629
0.020828406454287185, 0.458728412100275
0.020731363454338264, 0.4596313734017263
0.020634663454389163, 0.46053466659111036
0.020538303454439882, 0.46143830871927694
0.020442283454490423, 0.4623422888643089
0.020346602454540785, 0.4632466054602022
0.02025125845459097, 0.46415126648134697
0.020156251454640978, 0.465056260996617
0.02006158045469081, 0.46596158754222294
0.019967244454740463, 0.4668672446892889
0.019873240454789942, 0.46777325035798334
0.019779570454839246, 0.4686795743338362
0.019686231454888375, 0.4695862346479689
0.01959322245493733, 0.47049323013111527
0.019500543454986113, 0.4714005498433148
0.019408192455034723, 0.47230820242481636
0.01931616945508316, 0.4732161769365426
0.019224472455131425, 0.4741244821742081
0.01913310145517952, 0.4750331072011736
0.019042054455227442, 0.4759420609714377
0.018951331455275194, 0.4768513325523929
0.018860930455322777, 0.47776093105919365
0.01877085045537019, 0.47867085568599577
0.018681091455417437, 0.47958109550955735
0.018591651455464514, 0.48049165989251386
0.018502530455511423, 0.4814025379198209
0.018413727455558165, 0.4823137288417529
0.01832524045560474, 0.4832252422747148
0.01823706845565115, 0.4841370776808333
0.018149212455697394, 0.48504921376417376
0.018061669455743473, 0.4859616707231827
0.017974438455789388, 0.4868744481619769
0.017887520455835138, 0.48778752468227865
0.017800912455880724, 0.4887009208725371
0.017714614455926148, 0.48961462587600435
0.017628626455971408, 0.4905286287199418
0.017542945456016507, 0.4914429503911722
0.017457571456061444, 0.4923575800603913
0.01737250445610622, 0.4932725067822361
0.017287741456150835, 0.49418775195101744
0.01720328345619529, 0.4951032939078702
0.017119129456239585, 0.4960191325153452
0.01703527745628372, 0.496935278636815
0.016951726456327698, 0.49785173237206437
0.016868476456371517, 0.4987684828432406
0.01678552645641518, 0.4996855301325008
0.016702874456458683, 0.5006028854993132
0.01662052145650203, 0.5015205269415431
0.01653846545654522, 0.5024384657900592
0.016456704456588256, 0.5033567136102172
0.016375239456631135, 0.5042752483121445
0.01629406945667386, 0.5051940701945192
0.01621319145671643, 0.5061132023895678
0.016132607456758846, 0.5070326112908129
0.01605231445680111, 0.5079523201984348
0.01597231245684322, 0.5088723182694367
0.015892600456885175, 0.5097926061106763
0.01581317745692698, 0.5107131843928199
0.015734042456968633, 0.5116340538511636
0.015655195457010135, 0.5125552035806019
0.015576634457051486, 0.5134766460613344
0.015498359457092686, 0.5143983704281899
0.015420369457133737, 0.5153203775425002
0.015342663457174638, 0.5162426683332553
0.01526524045721539, 0.5171652437979712
0.015188099457255994, 0.5180881050035668
0.015111240457296449, 0.5190112410526605
0.015034661457336757, 0.5199346650926824
0.014958362457376917, 0.5208583662731443
0.01488234245741693, 0.5217823458023364
0.014806600457456798, 0.522706604961227
0.01473113545749652, 0.5236311451043903
0.014655947457536095, 0.5245559553365259
0.014581035457575525, 0.5254810370151056
0.014506397457614811, 0.5264064039954982
0.014432033457653953, 0.527332045462693
0.014357943457692951, 0.5282579504812865
0.014284125457731806, 0.5291841331379501
0.014210579457770517, 0.5301105825537219
0.014137303457809086, 0.5310373130729467
0.014064298457847513, 0.531964301153301
0.013991561457885798, 0.5328915740230418
0.013919094457923942, 0.5338190952753095
0.013846893457961945, 0.5347469052285215
0.013774960457999808, 0.5356749673349721
0.01370329345803753, 0.5366032964296537
0.013631891458075113, 0.5375318946074416
0.013560753458112557, 0.5384607640489506
0.013489880458149861, 0.5393898807499294
0.013419269458187028, 0.5403192731268093
0.013348920458224056, 0.5412489303811967
0.013278833458260947, 0.5421788415923113
0.0132090074582977, 0.5431090090636717
0.013139440458334317, 0.5440394485899548
0.013070133458370797, 0.5449701359057099
0.013001084458407142, 0.545901086934608
0.01293229245844335, 0.5468323043454403
0.012863758458479424, 0.5477637636641671
0.012795480458515363, 0.5486954810935265
0.012727457458551167, 0.5496274594218598
0.012659688458586837, 0.550559701533897
0.012592174458622374, 0.5514921827329481
0.012524913458657777, 0.5524249196603553
0.012457904458693048, 0.5533579153275233
0.012391147458728186, 0.5542911588377605
0.012324641458763191, 0.5552246532334735
0.012258386458798065, 0.5561583875363826
0.012192379458832808, 0.557092393177802
0.01212662245886742, 0.5580266309696166
0.012061113458901901, 0.5589611183130778
0.011995851458936252, 0.5598958585924233
0.011930836458970473, 0.5608308408875691
0.011866067459004564, 0.5617660686202387
0.011801543459038527, 0.5627015453191346
0.011737263459072361, 0.5636372746213252
0.011673228459106066, 0.5645732309815332
0.011609435459139644, 0.5655094473112532
0.011545885459173094, 0.5664458980481161
0.011482577459206417, 0.5673825869137761
0.011419510459239612, 0.568319517742003
0.011356683459272682, 0.5692566944801434
0.011294096459305625, 0.5701941061822681
0.011231748459338442, 0.5711317568431594
0.011169638459371134, 0.5720696505739072
0.0111077664594037, 0.5730077764100309
0.011046131459436143, 0.5739461385129669
0.01098473245946846, 0.5748847411632821
0.010923569459500654, 0.575823573381068
0.010862640459532724, 0.5767626549446362
0.01080194645956467, 0.5777019594847511
0.010741486459596494, 0.5786414913905357
0.010681258459628196, 0.5795812708103324
0.010621263459659774, 0.5805212711745495
0.010561499459691231, 0.5814615128191485
0.010501967459722567, 0.5824019689766331
0.010442664459753781, 0.5833426760683
0.010383591459784874, 0.5842836073243601
0.010324748459815847, 0.5852247516074355
0.0102661324598467, 0.58616614592683
0.010207745459877432, 0.5871077471550897
0.010149584459908045, 0.5880495926338999
0.01009165045993854, 0.588991655197768
0.010033941459968915, 0.5899339563652628
0.009976458459999171, 0.590876468772076
0.00991919946002931, 0.5918192141434493
0.00986216446005933, 0.5927621814823308
0.009805353460089233, 0.5937053596572084
0.00974876446011902, 0.594648770812615
0.009692397460148688, 0.5955924039619862
0.009636251460178241, 0.5965362648296723
0.009580326460207678, 0.5974803423688974
0.009524622460236998, 0.5984246253967827
0.009469136460266203, 0.5993691537681604
0.009413870460295293, 0.600313882407081
0.009358822460324268, 0.6012588343356072
0.009303992460353128, 0.6022039984651815
0.009249379460381874, 0.6031493809165039
0.009194982460410506, 0.6040949879631151
0.009140801460439024, 0.6050408085400325
0.00908683546046743, 0.6059868490113463
0.009033084460495722, 0.6069330982565886
0.008979547460523901, 0.6078795627320716
0.008926224460551968, 0.6088262312620074
0.008873113460579923, 0.6097731282630239
0.008820215460607767, 0.6107202247893265
0.008767528460635499, 0.6116675455063378
0.00871505346066312, 0.6126150612642045
0.00866278846069063, 0.6135627969805786
0.008610733460718029, 0.6145107415494098
0.008558887460745318, 0.6154589020504552
0.008507250460772497, 0.6164072673281622
0.008455822460799567, 0.6173558260847626
0.008404601460826527, 0.6183046040040849
0.008353587460853379, 0.6192535899752585
0.008302779460880122, 0.6202027914669989
0.008252178460906756, 0.6211521785200322
0.008201781460933283, 0.6221017962412441
0.008151590460959701, 0.6230515957418457
0.008101603460986012, 0.6240016035219877
0.008051819461012216, 0.6249518274611241
0.008002238461038313, 0.6259022564124983
0.007952860461064304, 0.6268528790844758
0.007903684461090188, 0.6278037034155787
0.007854710461115966, 0.6287547180703795
0.007805936461135945, 0.6297059506559386
0.007757363461119381, 0.6306573704187518
0.007708989461102885, 0.6316090052623151
0.007660815461086458, 0.6325608242232474
0.007612839461070098, 0.6335128555074918
0.007565062461053805, 0.6344650679412789
0.00751748246103758, 0.6354174900368568
0.0074700994610214224, 0.6363701105575506
0.007422913461005332, 0.6373229181175544
0.0073759224609893075, 0.6382759418307001
0.0073291284609733505, 0.6392291297127437
0.00728252846095746, 0.6401825314339494
0.007236122460941635, 0.641136135806222
0.007189910460925876, 0.6420899314913187
0.007143892460910184, 0.6430439069988223
0.007098067460894557, 0.6439980715519282
0.007052434460878996, 0.6449524345863864
0.0070069924608635, 0.6459070057536537
0.00696174246084807, 0.6468617526319103
0.006916683460832704, 0.6478166847507912
0.006871813460817403, 0.6487718331931941
0.006827134460802168, 0.6497271439271828
0.006782644460786996, 0.6506826481027962
0.006738342460771889, 0.6516383558558133
0.006694229460756846, 0.6525942341166233
0.006650303460741867, 0.6535503147141125
0.006606564460726952, 0.6545065862730525
0.006563013460712101, 0.6554630152508563
0.006519647460697313, 0.656419655987122
0.006476467460682588, 0.6573764750151999
0.0064334724606679265, 0.65833348292899
0.006390662460653328, 0.6592906681531093
0.006348036460638792, 0.6602480414615244
0.006305593460624319, 0.6612056138720375
0.0062633344606099085, 0.662163351220404
0.00622125846059556, 0.6631212644050931
0.006179364460581274, 0.6640793645724359
0.00613765146056705, 0.6650376631204761
0.0060961204605528875, 0.665996125441294
0.006054769460538787, 0.6669547860511132
0.006013599460524747, 0.6679136101192225
0.005972608460510769, 0.6688726325722171
0.005931797460496852, 0.6698318183560144
0.005891165460482997, 0.6707911791496232
0.005850711460469202, 0.6717507268965163
0.005810435460455467, 0.6727104499253055
0.005770336460441793, 0.6736703603904504
0.00573041546042818, 0.6746304225103884
0.005690670460414627, 0.6755906725369875
0.005651100460401133, 0.6765511231163457
0.0056117074603877, 0.6775117138525847
0.005572488460374326, 0.6784725060477756
0.005533444460361012, 0.6794334635197484
0.005494574460347757, 0.6803945990262076
0.005455878460334561, 0.6813559007120426
0.005417356460321425, 0.6823173565481042
0.005379005460308347, 0.6832790297315539
0.0053408284602953285, 0.6842408331825486
0.005302822460282368, 0.6852028304541681
0.005264987460269466, 0.6861650098771932
0.005227324460256623, 0.6871273339972773
0.005189831460243838, 0.6880898418959297
0.00515250846023111, 0.6890525217374388
0.005115355460218441, 0.6900153615086265
0.005078371460205829, 0.6909783751165901
0.005041555460193275, 0.6919415767826571
0.005004908460180778, 0.6929049283476205
0.004968429460168338, 0.6938684439213223
0.004932117460155956, 0.6948321379339447
0.00489597246014363, 0.6957959984109855
0.004859994460131361, 0.6967600131952414
0.004824182460119149, 0.6977241969321463
0.004788536460106994, 0.6986885374808574
0.004753054460094894, 0.6996530770132334
0.004717738460082851, 0.7006177490412073
0.004682586460070864, 0.7015825958895738
0.004647598460058933, 0.702547605461205
0.0046127734600470574, 0.7035127932538348
0.004578112460035238, 0.7044781192796263
0.0045436134600234735, 0.7054436269808159
0.004509276460011764, 0.706409304317048
0.004475102460000111, 0.7073751107278377
0.004441089459988512, 0.7083410903131375
0.004407236459976968, 0.7093072594834268
0.004373545459965479, 0.7102735487659567
0.004340013459954045, 0.7112400318291394
0.004306641459942665, 0.7122066677058215
0.004273429459931339, 0.7131734438421194
0.004240376459920068, 0.7141403768104364
0.0042074814599088505, 0.715107483564463
0.004174744459897687, 0.7160747518255781
0.004142165459886577, 0.7170421691167369
0.004109743459875521, 0.7180097526773349
0.004077478459864519, 0.7189774900746637
0.004045369459853569, 0.7199453988939758
0.0040134174598426735, 0.7209134363790597
0.0039816204598318305, 0.7218816505362561
0.003949979459821041, 0.72284999835246
0.003918493459810304, 0.7238184976626246
0.003887161459807898, 0.7247871667161929
0.0038559834598107874, 0.7257559930320433
0.0038249594598136626, 0.7267249639214806
0.0037940884598165235, 0.7276940979577953
0.0037633704598193703, 0.7286633825111472
0.003732804459822203, 0.7296328365382825
0.0037023914598250216, 0.7306024155119115
0.003672130459827826, 0.7315721382869174
0.0036420204598306164, 0.7325420241615813
0.003612060459833393, 0.7335120928860387
0.0035822524598361554, 0.7344822667741887
0.003552594459838904, 0.7354525977737975
0.0035230854598416387, 0.736423106000396
0.0034937264598443596, 0.7373937457455394
0.0034645164598470666, 0.7383645370302887
0.00343545545984976, 0.7393354668516047
0.0034065424598524394, 0.740306555656354
0.003377777459855105, 0.7412777905220229
0.0033491594598577573, 0.7422491923342539
0.003320689459860396, 0.7432207140435448
0.0032923664598630206, 0.7441923764394419
0.003264189459865632, 0.7451642008095082
0.0032361584598682297, 0.7461361741812798
0.003208273459870814, 0.7471082833517966
0.0031805334598733847, 0.7480805500269168
0.003152938459875942, 0.7490529610996033
0.003125488459878486, 0.7500255032277027
0.0030981824598810166, 0.7509981985481852
0.003071020459883534, 0.7519710338190378
0.003044001459886038, 0.7529440316684176
0.0030171264598885285, 0.7539171426557503
0.002990393459891006, 0.7548904258250236
0.00296380345989347, 0.7558638314491742
0.0029373554598959213, 0.7568373825732773
0.002911049459898359, 0.7578110656897948
0.002884884459900784, 0.7587849043640914
0.0028588604599031958, 0.7597588852082737
0.0028329774599055945, 0.7607329945849771
0.0028072344599079802, 0.7617072565539144
0.002781631459910353, 0.7626816576030443
0.0027561684599127128, 0.7636561839658942
0.0027308444599150597, 0.7646308602132028
0.0027056594599173937, 0.7656056727098688
0.002680612459919715, 0.7665806465976442
0.0026557044599220233, 0.7675557291256765
0.002630934459924319, 0.768530945352918
0.0026063014599266017, 0.7695063209677098
0.002581805459928872, 0.7704818423634567
0.0025574474599311292, 0.7714574555008541
0.002533225459933374, 0.7724332263440139
0.002509139459935606, 0.7734091411738991
0.002485188459937826, 0.7743852268741465
0.002461374459940033, 0.7753613876758071
0.0024376944599422273, 0.7763377323724133
0.0024141504599444093, 0.7773141644005424
0.002390740459946579, 0.778290752326308
0.002367464459948736, 0.7792674822207454
0.0023443224599508806, 0.7802443398750218
0.002321313459953013, 0.7812213533826426
0.002298438459955133, 0.7821984658759369
0.0022756964599572405, 0.7831757053743587
0.002253086459959336, 0.7841531006272011
0.002230608459961419, 0.7851306375110905
0.00220826245996349, 0.7861083016119441
0.0021860484599655486, 0.7870860782182483
0.002163965459967595, 0.7880639967326656
0.0021420134599696296, 0.7890420426419495
0.002120192459971652, 0.7900202011296148
0.002098501459973662, 0.790998502309142
0.0020769394599756603, 0.7919769770931321
0.0020555084599776464, 0.7929555198082959
0.0020342064599796206, 0.793934206548571
0.002013032459981583, 0.7949130689931243
0.001991988459983533, 0.7958919996756968
0.0019710724599854715, 0.7968710763072426
0.0019502834599873981, 0.7978503313660237
0.0019296234599893128, 0.7988296555496253
0.0019090904599912157, 0.799809128244202
0.0018886854599931067, 0.8007886864444295
0.001868406459994986, 0.801768410986033
0.0018482534599968538, 0.8027482872843417
0.0018282274599987097, 0.803728251337769
0.001808327460000554, 0.8047083363610706
0.0017885524600023866, 0.8056885764912155
0.0017689034600042075, 0.806668906702086
0.001749378460006017, 0.8076494114648797
0.001729978460007815, 0.80863002539064
0.0017107034600096012, 0.8096107324640723
0.001691552460011376, 0.8105915676890624
0.0016725244600131394, 0.8115725670597227
0.0016536204600148914, 0.8125536634430464
0.001634839460016632, 0.813534892801009
0.001616182460018361, 0.8145161865761142
0.0015976464600200788, 0.8154976869338053
0.0015792334600217852, 0.8164792725090406
0.0015609424600234803, 0.8174609802420951
0.0015427734600251641, 0.8184427939225897
0.0015247254600268367, 0.8194247515473374
0.001506798460028498, 0.8204068372494001
0.0014889924600301483, 0.8213890347777913
0.0014713074600317872, 0.8223713274867944
0.001453742460033415, 0.8233537544511069
0.0014362974600350318, 0.824336299383227
0.0014189714600366375, 0.8253190025118009
0.001401765460038232, 0.8263017906214124
0.0013846784600398156, 0.8272847039262813
0.001367710460041388, 0.8282677257116631
0.0013508604600429496, 0.8292508973995351
0.0013341294600445002, 0.8302341437073102
0.00131751546004604, 0.831217565448257
0.0013010204600475686, 0.832201027079073
0.0012846414600490865, 0.8331846905271824
0.0012683804600505935, 0.8341684189531734
0.0012522364600520896, 0.8351522550292475
0.001236208460053575, 0.83613624275926
0.0012202974600550496, 0.8371203033637181
0.0012045014600565135, 0.8381045433897236
0.0011888214600579666, 0.8390888836171881
0.001173257460059409, 0.8400733059745702
0.0011578084600608407, 0.8410578558759735
0.0011424744600622618, 0.8420425157287016
0.0011272554600636722, 0.8430272674610736
0.001112150460065072, 0.8440121579613775
0.0010971594600664614, 0.8449971696752621
0.0010822824600678401, 0.8459822845614453
0.0010675184600692084, 0.8469675510714617
0.001052868460070566, 0.847952884201319
0.0010383314600719133, 0.8489383324298285
0.00102390646007325, 0.8499239458479698
0.0010095944600745765, 0.8509096379190405
9.953944600758925E-4, 0.8518954587868839
9.81307460077198E-4, 0.8528813197528761
9.673314600774923E-4, 0.8538673418102848
9.53466460077274E-4, 0.8548535071493504
9.397134600770574E-4, 0.8558397254299343
9.260704600768426E-4, 0.8568261211838132
9.125384600766295E-4, 0.8578126035495147
8.991174600764182E-4, 0.8587991524989478
8.858064600762086E-4, 0.8597858218359461
8.726044600760008E-4, 0.8607726672579369
8.595134600757946E-4, 0.8617595193104489
8.465304600755902E-4, 0.8627465845586243
8.336574600753875E-4, 0.8637336917136561
8.208934600751866E-4, 0.8647208966371975
8.082374600749873E-4, 0.8657082572167352
7.956894600747897E-4, 0.8666957543989655
7.832504600745939E-4, 0.8676832887801028
7.709184600743997E-4, 0.8686709988362635
7.586954600742072E-4, 0.8696587034028916
7.465784600740164E-4, 0.8706466243481967
7.345694600738274E-4, 0.8716345784631212
7.2266646007364E-4, 0.8726227094879984
7.108704600734542E-4, 0.8736109140445839
6.991804600732702E-4, 0.8745992548689667
6.875974600730878E-4, 0.8755876256556836
6.76119460072907E-4, 0.8765761757721856
6.64747460072728E-4, 0.877564798269081
6.534804600725506E-4, 0.878553558545754
6.423194600723749E-4, 0.8795423465480132
6.312624600722008E-4, 0.8805313176731788
6.203104600720283E-4, 0.8815203611971018
6.094624600718575E-4, 0.8825095453956424
5.987194600716884E-4, 0.8834987562468772
5.880794600715208E-4, 0.8844881556273975
5.77543460071355E-4, 0.8854776288196671
5.671114600711907E-4, 0.8864671518861191
5.567824600710281E-4, 0.8874567962982619
5.46555460070867E-4, 0.8884466365331798
5.364324600707076E-4, 0.8894364553630003
5.264114600705499E-4, 0.8904264238176968
5.164924600703937E-4, 0.8914165194988454
5.066754600702391E-4, 0.8924067191362424
4.969604600700862E-4, 0.8933969985472228
4.873464600699348E-4, 0.8943874361655152
4.77834460069785E-4, 0.8953779045173975
4.6842346006963683E-4, 0.896368482310098
4.5911346006949024E-4, 0.8973591448099629
4.4990346006934523E-4, 0.8983499744468747
4.407944600692018E-4, 0.8993408386488208
4.3178546006905996E-4, 0.9003318201783788
4.228764600689197E-4, 0.9013228937818889
4.1406646006878097E-4, 0.9023141462892796
4.053564600686438E-4, 0.9033054396997944
3.9674546006850824E-4, 0.9042968612508865
3.8823446006837424E-4, 0.9052882680485745
3.7982146006824177E-4, 0.9062798661786147
3.7150746006811087E-4, 0.9072715117681636
3.632914600679815E-4, 0.9082632969289403
3.551734600678537E-4, 0.9092551954520448
3.471534600677274E-4, 0.9102471799158853
3.3923046006760266E-4, 0.9112393476262078
3.3140646006747947E-4, 0.9122314181012294
3.236784600673578E-4, 0.9132237427580465
3.1604746006723763E-4, 0.9142161676947014
3.08514460067119E-4, 0.9152085310622932
3.010764600670019E-4, 0.9162011999381052
2.9373646006688634E-4, 0.9171937443148636
2.8649146006677227E-4, 0.9181865388361138
2.793424600666597E-4, 0.9191794193471954
2.7228946006654865E-4, 0.9201723544869365
2.653314600664391E-4, 0.921165454973207
2.5846946006633106E-4, 0.9221585463815177
2.517024600662245E-4, 0.9231517400778025
2.4502946006611944E-4, 0.9241451539676392
2.3845246006617008E-4, 0.9251384565529202
2.3196846006624374E-4, 0.9261320687090814
2.2557946006631632E-4, 0.9271256532271358
2.1928446006638783E-4, 0.9281193296966843
2.1308246006645828E-4, 0.9291132251718187
2.0697546006652766E-4, 0.9301069827455711
2.0096046006659599E-4, 0.9311010559724934
1.9503946006666325E-4, 0.9320950813907546
1.8921046006672946E-4, 0.9330893599256851
1.834754600667946E-4, 0.934083513296581
1.7783246006685872E-4, 0.9350778488522905
1.7228146006692177E-4, 0.9360723335008029
1.668224600669838E-4, 0.937066931987361
1.6145546006704476E-4, 0.9380616067201659
1.5618046006710468E-4, 0.9390563175791818
1.5099746006716356E-4, 0.9400510217061404
1.459044600672214E-4, 0.941046067570017
1.4090346006727822E-4, 0.9420410263714042
1.35993460067334E-4, 0.943036050865861
1.3117346006738875E-4, 0.9440313056421207
1.2644446006744247E-4, 0.9450265432104008
1.2180546006749158E-4, 0.9460219300240894
1.172564600674816E-4, 0.9470174250390851
1.1279746006747183E-4, 0.9480129839832376
1.0842846006746225E-4, 0.9490085590406571
1.0414846006745286E-4, 0.950004333620479
9.995846006744368E-5, 0.9510000267514314
9.585646006743468E-5, 0.9519960693031055
9.184446006742588E-5, 0.9529919270493644
8.792046006741728E-5, 0.9539880438933117
8.408546006740887E-5, 0.9549841172406902
8.033846006740066E-5, 0.9559803537734237
7.667946006739263E-5, 0.9569767049627762
7.31084600673848E-5, 0.9579731175768216
6.962446006737716E-5, 0.9589698228437261
6.622846006736972E-5, 0.9599664817516378
6.292046006736246E-5, 0.9609630243316235
5.96984600673554E-5, 0.9619600005217499
5.6564460067348526E-5, 0.9629567324641296
5.351646006734184E-5, 0.963953791307719
5.055546006733535E-5, 0.9649507913104624
4.7680460067329046E-5, 0.9659480039952748
4.489246006732293E-5, 0.9669450088636026
4.2189460067317005E-5, 0.9679424560759772
3.957246006731127E-5, 0.9689399204642732
3.704146006730572E-5, 0.9699373191832447
3.4595460067300354E-5, 0.9709349729982388
3.223546006729518E-5, 0.9719323894219626
2.9959460067292083E-5, 0.9729303414887037
2.77694600672947E-5, 0.9739278669895796
2.5663460067297218E-5, 0.9749257799362997
2.3641460067299635E-5, 0.9759240255960333
2.170446006730195E-5, 0.976922012910914
1.9851460067304166E-5, 0.9779201434125652
1.808246006730628E-5, 0.9789183193309245
1.6397460067308295E-5, 0.9799164232574515
1.4795460067309424E-5, 0.9809149530018394
1.3276460067308666E-5, 0.9819138432202551
1.184146006730795E-5, 0.9829122965098153
1.0489460067307277E-5, 0.9839108374540294
9.220460067306644E-6, 0.9849093198105793
8.033460067306052E-6, 0.9859084276632953
6.929460067306094E-6, 0.9869071786180192
5.9074600673064504E-6, 0.9879062976639932
4.967460067306778E-6, 0.9889056642582404
4.109460067307077E-6, 0.9899051097573149
3.333460067307143E-6, 0.9909043909669357
2.639460067307091E-6, 0.9919031441555789
2.026460067307045E-6, 0.9929025464238032
1.494460067307005E-6, 0.9939025207862097
1.043460067306971E-6, 0.9949029292890672
6.73460067306973E-7, 0.9959034984365038
3.8446006730697694E-7, 0.9969036000201514
1.7646006730697396E-7, 0.9979014063465085
4.746006730697443E-8, 0.9989112079171212
0.0,1.0
