8.2628095719100005E-25, 0.9999999999999463
0.0012301569713379446, 0.9972325771561078
0.002669649684607573, 0.9946724208170579
0.003995530113916478, 0.9919956051515114
0.005213435869563572, 0.9892142179449893
0.006343002722905818, 0.9863369456956894
0.0073920367355457175, 0.983392004998121
0.008376182816173848, 0.9803754772383789
0.009303152077781764, 0.9772951781132906
0.01017428709454893, 0.9741751218733202
0.011002145373573524, 0.9709940078264352
0.011785432325697833, 0.9677767890024377
0.012527025657093084, 0.9645317510439395
0.013233444280656223, 0.9612474950596093
0.01391073791118322, 0.9579086153805412
0.014557180818177548, 0.9545352403861258
0.0151678898580504, 0.9511681581839269
0.015754767121272346, 0.9477547811362328
0.01631883825726904, 0.9442970682407278
0.01685350366547047, 0.940846766873705
0.01736705552277859, 0.9373616207200556
0.01785786960293102, 0.9338614143342372
0.018330302524131963, 0.9303231033964106
0.018781546323121536, 0.9267756543616779
0.019212746411941928, 0.9232196843597843
0.019627304518031068, 0.9196349131976842
0.020025533326872756, 0.9160248792766273
0.020406307615800114, 0.9124072319633592
0.020774405865514114, 0.9087422678497815
0.021123427464606086, 0.9051013159113223
0.02145757925952269, 0.9014504695512243
0.02177847490117008, 0.8977786530692672
0.022086427831206356, 0.8940880580778596
0.022382347017035387, 0.8903732390087706
0.0226646757799684, 0.8866605000365905
0.02293592959290538, 0.8829234288080402
0.02319492846027247, 0.8791845445551578
0.0234431433423606, 0.8754293793808188
0.023679405778637475, 0.8716830028535167
0.023907382370485217, 0.8678927145974775
0.024123348247375522, 0.8641268982107824
0.024330647051772084, 0.8603350146857315
0.024528841440189884, 0.8565300812374946
0.02471998940399149, 0.8526760349509718
0.02489834912339653, 0.848898574729474
0.025070452560944756, 0.8450691873647898
0.025234267864529824, 0.8412369293403307
0.025390586008992876, 0.8373900927924341
0.025539119897474157, 0.8335427875604994
0.02567967635909642, 0.8297093072087031
0.02581554240215186, 0.8258039470854424
0.025942824007205934, 0.8219452160894851
0.026064200122665308, 0.8180625705803362
0.026179189863224157, 0.8141782433174792
0.026288322237197514, 0.8102824707095823
0.026391291116674556, 0.8063953310759207
0.026489064119982274, 0.8024890773839065
0.026581408704536392, 0.7985811555571632
0.026668538365703782, 0.7946726043459436
0.026751057898838287, 0.790745223997158
0.02682838811565063, 0.78683764730819
0.02690208552725193, 0.7828800124987935
0.026970492773419806, 0.7789732600306405
0.027034905089697477, 0.7750599229962402
0.027096192509838034, 0.7710945937189997
0.02715344027760008, 0.7671468152284859
0.027207288421114296, 0.7631874953837234
0.027257407332165005, 0.7592576161549717
0.027304672473487186, 0.7553050259509301
0.027349114103087623, 0.7513405296474566
0.027390638909502527, 0.747390378260327
0.027429699577595314, 0.7434307203192417
0.027466460260705254, 0.7394630938957049
0.027501044009051408, 0.7354944813276282
0.02753355676920931, 0.7315358805659523
0.02756423044461478, 0.727584088629333
0.02759354483412221, 0.7236002601655473
0.027621440342079476, 0.7196166389537741
0.027647990081651634, 0.7156523286706508
0.0276737355579349, 0.7116553979446202
0.027698437396861668, 0.7076941057857197
0.02772261079286838, 0.7037192250455104
0.027746356519951432, 0.6997472471153269
0.027770011345046464, 0.6957562706020256
0.0277935182292677, 0.6917914336359183
0.027817289787236656, 0.687819177385439
0.027841547632303974, 0.6838392283871066
0.0278664451525613, 0.6798632351005602
0.02789227003829414, 0.6758820112579345
0.02791906626637836, 0.6719238856303373
0.027947373952619956, 0.6679446796383816
0.027977257392560663, 0.6639715116971221
0.028008920375372618, 0.660009972981209
0.028042807255597876, 0.6560377202962329
0.028079218207056087, 0.6520542813817787
0.028117896018666877, 0.6481155984545827
0.02815969185963628, 0.6441620816037036
0.028204901196036962, 0.64019793900039
0.028253549688886402, 0.6362489102345474
0.028306071524764567, 0.6323050441927979
0.028362704605270187, 0.628373151348267
0.02842418484064302, 0.6244282645872491
0.028490620603238915, 0.6204895751791328
0.028562262404449645, 0.6165646237958853
0.02864013590651766, 0.6126219792525248
0.028723421716720494, 0.6087235829090708
0.028813921219442706, 0.6048055009446932
0.02891131870089469, 0.6009044266325599
0.029015788338234996, 0.5970306095769222
0.029130419081045928, 0.5930958024774134
0.029251446357294278, 0.5892480954307324
0.029383125454542903, 0.5853679394334319
0.02952386778850073, 0.5815232638947068
0.029675693537687845, 0.5776766771038258
0.029838889331297965, 0.5738413523022301
0.03001423992509069, 0.5700178441963034
0.03020379190653735, 0.5661832700474095
0.03040510416618337, 0.5624038731811328
0.030622045637089576, 0.5586230330561174
0.03085550944382575, 0.5548469613344941
0.03110470244996417, 0.5511064245117071
0.03137272585604522, 0.5473729186374722
0.03166134678650236, 0.5436437782160987
0.031968155588999916, 0.5399672891958625
0.0322982136038664, 0.5362998944368298
0.032653268086121956, 0.5326443564426101
0.033032135170919324, 0.5290317638855684
0.033438794377529175, 0.5254423867750603
0.033875550371277735, 0.5218769142335632
0.034343880580390194, 0.5183440062226573
0.03484662621146637, 0.514842861023115
0.03538774056491724, 0.5113682531530898
0.035964481310120554, 0.5079570299678471
0.03658554971397017, 0.5045773229978269
0.03725106722471403, 0.5012502330424073
0.03796733744141111, 0.49796579975474203
0.03873489946782378, 0.49474298085290175
0.03956337632130529, 0.491564012015256
0.0404504523192682, 0.4884597960602653
0.041409030087025636, 0.4854076212226571
0.04243670254755126, 0.48243775579966763
0.04354227132774149, 0.47954518157364473
0.044733696468635654, 0.47673136962801105
0.046022287773416305, 0.4739938214299344
0.04739143424301216, 0.4713851607327347
0.048871036390256195, 0.46886503900320853
0.05045984693485341, 0.4664559723229262
0.052163233039042335, 0.4641660772962812
0.05399304938522652, 0.4619950430817009
0.05595529490054922, 0.45995055414248565
0.05804672237892441, 0.4580466292321927
0.06027920238203487, 0.45628038508957786
0.06266037380574636, 0.454653029885808
0.06517693640812522, 0.45317628723494563
0.06784277982411159, 0.4518414965331192
0.07064035204079235, 0.45065402014965916
0.07359167238864658, 0.4495993212887262
0.07666731713876186, 0.44868039901794354
0.07988189488505354, 0.4478827423991177
0.0832005452706786, 0.4472028288979507
0.0866219032759669, 0.44662636369272607
0.09014194940427941, 0.4461395587785072
0.0937359389015378, 0.4457306771885446
0.09741357234020916, 0.44538359472424793
0.10108471020698237, 0.44509084383502123
0.10483103612240664, 0.444831019702007
0.10860164571013099, 0.4445944977908699
0.11237150502276111, 0.4443699404346338
0.11614060637495964, 0.44414557087775064
0.11990082755957861, 0.443911249830141
0.12366390001373852, 0.4436565094191438
0.12736650693570079, 0.443377255719082
0.13105596407042816, 0.44306255989133575
0.13470559539854512, 0.4427078090009137
0.1382935653669407, 0.4423097509902175
0.1418601648810959, 0.44185873122114727
0.14535433383608765, 0.4413568013601792
0.14880616217185128, 0.4407961882171678
0.15217976537760927, 0.44017990920305505
0.15552415717498727, 0.4394961117058421
0.1587505116837121, 0.4387617844393547
0.16194830335914415, 0.4379556703417413
0.16508872546463793, 0.4370821878188128
0.16814383711978492, 0.4361486587134572
0.17114560256795974, 0.4351449383310409
0.17407969023164263, 0.4340749047329514
0.17692908904881963, 0.4329454882459521
0.179738978693249, 0.4317383430158193
0.18245280045427353, 0.43047812036194605
0.18513460496188194, 0.4291351353758575
0.187745187996621, 0.42772786777723526
0.19027608225481865, 0.42626257899813774
0.19272324378392933, 0.4247443468333568
0.19513710070661194, 0.4231419075419356
0.1974802304605321, 0.42147939595449224
0.19977203120006315, 0.41974359336782635
0.20196053787591547, 0.41797703192897245
0.20410937426000494, 0.4161308817070307
0.20619911584086653, 0.41422112757633195
0.20823854940937778, 0.4122399053309819
0.21020532130290662, 0.41021043688153624
0.21211978443450846, 0.40811357937702
0.21396748088854456, 0.40596673186377163
0.21576037427661615, 0.4037580066865295
0.2174913271158201, 0.40149797720530095
0.21917526126375114, 0.39916825167039344
0.2207975619943752, 0.3967903356669824
0.22236123541701536, 0.394362800354575
0.22387400166654156, 0.3918755658042351
0.22533259221807836, 0.3893355835822453
0.22673576370965043, 0.38674755789655785
0.22809547329410745, 0.3840905783555918
0.22939665251081637, 0.38139608631153
0.23065296125316126, 0.37863832730996894
0.2318511513657126, 0.3758493689456178
0.2330039708180825, 0.3730030686876023
0.23410787600481367, 0.37011030664556527
0.23516596932769887, 0.367165613697056
0.23617799847143106, 0.36417217776975264
0.2371398496223168, 0.3611464654093671
0.23805886544475413, 0.3580695089690948
0.23894230571242336, 0.3549172174015958
0.2397678594400579, 0.3517752876309805
0.24055859731614088, 0.3485626907584651
0.24130792581805735, 0.34530785136993825
0.24201758657611472, 0.34200764207492246
0.2426834875776104, 0.3386880465713452
0.24331403570573967, 0.33531341963748096
0.24390860935087416, 0.33189058269324573
0.24446334972046413, 0.3284496716218003
0.24498162743521512, 0.32498038969356213
0.24546561230674752, 0.32147753909912735
0.2459194992425772, 0.3179173947140289
0.2463405668661644, 0.3143293971858286
0.24672924717724418, 0.310723866563325
0.24708832670256203, 0.3070899710277005
0.24742006262912006, 0.30341857388520416
0.24772590622206125, 0.29970742339595713
0.24800360513830952, 0.29600592731054526
0.2482577293311782, 0.29227955768471137
0.24849191156500042, 0.28849422814148884
0.24870550982099335, 0.2846826589355633
0.24889874539178736, 0.28087670833816913
0.24907506495701, 0.2770493090913468
0.2492349830109789, 0.27323567210527744
0.24938298855602983, 0.26937780115905485
0.24951948252267261, 0.26551862756213407
0.2496474869327569, 0.2616365487661837
0.2497683443242884, 0.25776281471804663
0.24988503878076865, 0.253882231322872
0.25000010046993754, 0.24999660722526437
0.2501161456621686, 0.24610934849787544
0.25023607171390183, 0.2422192686383667
0.2503617761839638, 0.23836001714326085
0.25049741983591817, 0.23449803839074093
0.25064613053492535, 0.23063930365993496
0.2508112948683792, 0.22678725518906392
0.2509937480041446, 0.22299877903957874
0.2512003447642194, 0.21920494023963014
0.2514335070715502, 0.21543643035449736
0.2516974685501946, 0.21169074361108478
0.25199204791212093, 0.20802130193356988
0.2523292565326406, 0.20433392854095708
0.25270595652056616, 0.20071567183978073
0.25313022754203385, 0.19712953120078547
0.25360122879732927, 0.1936185892518861
0.2541310705259752, 0.1901285991973215
0.2547171715742264, 0.1867107019398276
0.25536277787807143, 0.1833683241802339
0.256076907339714, 0.18007876144663426
0.2568605517531694, 0.17686051935453675
0.2577153656666587, 0.17372359640402216
0.2586507214422708, 0.1706504517202677
0.25966252382731425, 0.16766844538937414
0.2607597893868626, 0.16476200670769844
0.26194634794253935, 0.16193312801505524
0.2632088211268048, 0.15921857707844872
0.26457065009729486, 0.1565732770198937
0.26602104591610953, 0.15402502489086922
0.2675656351137662, 0.1515668865894642
0.26920340642018237, 0.1492029089641061
0.27093312239395306, 0.14693548025758316
0.27275826443945395, 0.14476007186522108
0.27467782752149883, 0.1426775655837944
0.27668904253105797, 0.14068946403168642
0.2787935205425791, 0.1387921347660752
0.28098541108988334, 0.13698810370945166
0.28327095156176374, 0.13526943328101865
0.28564051247279404, 0.13364024470776012
0.2880798413303848, 0.132105190848046
0.29063295064381167, 0.13063413333141288
0.2932583433772955, 0.12924885186560528
0.29594829539889994, 0.12794792846785216
0.29872413466258363, 0.12671687788700636
0.3015625645323406, 0.12556213556706314
0.30447452233960787, 0.12447499185423457
0.3074510242064451, 0.12345501668498436
0.31049132926687756, 0.12249856130288912
0.3135981618490017, 0.12160126744819036
0.3167679830822514, 0.12076090352231496
0.3199919659056832, 0.11997639580777805
0.3232471704869293, 0.11924924050709375
0.32656678456751154, 0.11856857649817516
0.32994668690818335, 0.117932851813153
0.33332287109167624, 0.11735028161603303
0.3367961280281826, 0.11680073832458407
0.3402885852249824, 0.11629453307288183
0.3438185313169481, 0.11582597973497641
0.3473966236642235, 0.11539138074097495
0.350993907298035, 0.11499184831578153
0.35462306994938625, 0.11462349946136277
0.35828776534445217, 0.1142839005404002
0.3619608494980264, 0.11397335989723748
0.3656863750028747, 0.11368628398428046
0.3694246520926495, 0.11342403958668236
0.3731667440393942, 0.11318518722394956
0.3769635810865517, 0.11296492377030358
0.3807534743915497, 0.11276528821576029
0.3845897329259215, 0.11258193801126681
0.3884147591207782, 0.11241616509048195
0.39226380683981155, 0.11226491280574746
0.39611872946510157, 0.11212756391241882
0.4000002638768543, 0.11200212568326537
0.4038776318611252, 0.11188835799808658
0.40777337850076845, 0.11178438667280276
0.41167877080821424, 0.11168934557539525
0.4156118603077844, 0.11160176531082729
0.4195210377735901, 0.11152171118256823
0.4234389521464706, 0.11144743171117605
0.4273758803394972, 0.11137779369988739
0.43131309272141405, 0.11131220292425442
0.43525505089249145, 0.11124966637305926
0.43918351917284043, 0.11118957625064901
0.4431378011554907, 0.11113047780790317
0.44707071043456015, 0.11107224647360743
0.45101988445743274, 0.1110135111352203
0.4550232472985617, 0.11095288698250423
0.4588711295044835, 0.11089283987344252
0.4628427987362843, 0.1108282758245075
0.4667543503980921, 0.1107613869076646
0.4706912168080949, 0.11069002272860903
0.4746130436754844, 0.11061417677423598
0.4785219797571961, 0.11053314502444318
0.4824439148763341, 0.11044567754019383
0.4863574952183299, 0.1103515275035342
0.49025180575592864, 0.11025032194402139
0.4941392265114793, 0.11014110721661939
0.49802130936733147, 0.11002316742125581
0.5018885734593146, 0.10989614541133816
0.5057664352629476, 0.10975849501000635
0.5096114757643729, 0.10961111520184465
0.513453231108587, 0.10945228608276637
0.5172827446159526, 0.10928169545634991
0.5210979431643364, 0.10909879692821818
0.5249096025111509, 0.10890237959929343
0.5286921965792906, 0.10869313550118484
0.5324721447188623, 0.1084689622115749
0.5362230177838259, 0.10823077833824184
0.5399787266921414, 0.10797571392451111
0.5437042152811025, 0.1077054248972899
0.5474172660103335, 0.10741799474593901
0.5511086463789888, 0.10711343419842495
0.5547990752047669, 0.10678921206992989
0.5584535921557794, 0.1064476673721542
0.5620879316444353, 0.10608673409054634
0.5657109797728324, 0.10570469279068836
0.5692985775074819, 0.10530336499202154
0.5728778117259566, 0.10487892985109509
0.5764335509960296, 0.1044322323405588
0.579949573930509, 0.10396465434937369
0.5834764745957672, 0.10346837915605013
0.5869534578953686, 0.10295094215494668
0.5903997709655016, 0.10240891394889612
0.5938352987477025, 0.10183805946175534
0.597237181288923, 0.1012410420580074
0.6006154014621288, 0.10061507837209677
0.6039572961480452, 0.099961457421022
0.6072746049139831, 0.09927676028655025
0.6105603767904046, 0.09856113584883926
0.6138097395485169, 0.09781446705492847
0.6170189096734368, 0.09703651332345446
0.6202117809878069, 0.0962198720722155
0.6233691195883256, 0.09536761362430031
0.6264729509189172, 0.09448339193209118
0.62956626080987, 0.09355303801152913
0.6325963027639597, 0.09259056937035394
0.6355868125118416, 0.0915871506614806
0.6385412254039055, 0.09053942890127856
0.6414490978560432, 0.08944886530470082
0.6443118048179103, 0.08831271501839214
0.6471225365100405, 0.08713136147683039
0.649900364762205, 0.08589367800213132
0.6526065223601696, 0.08461422459278581
0.6552747887158676, 0.08327407959964002
0.6578801177745918, 0.08188204751488763
0.660428963780071, 0.0804312183379171
0.6629152765460797, 0.07892097081995195
0.6653481652623409, 0.07734074772142736
0.6676960397090885, 0.07570669507407882
0.6699921761401956, 0.07399014477472868
0.6722108590314259, 0.07220308829698495
0.6743489135617666, 0.07034191165740654
0.676413833038875, 0.0683919047699109
0.6783726253013879, 0.0663772629731664
0.6802497538141047, 0.06426494890860143
0.6820437500478103, 0.062042700891916616
0.6837296784563607, 0.05972838036072138
0.6853108551167666, 0.05730488416199316
0.6867753017269536, 0.05477641037447888
0.6881257373172333, 0.05212217597513609
0.6893517349988411, 0.04934482779407348
0.6904433242978, 0.046455676795142634
0.6914114765999427, 0.04341510437132111
0.6922502175193478, 0.04023897664921841
0.692961998325082, 0.03695570311501414
0.6935686157433829, 0.03356685676425242
0.6941029583030259, 0.030102916474125545
0.6946187004951648, 0.026617184013023702
0.6951915738335817, 0.023200730934560324
0.6959237503628571, 0.01992536223836286
0.6969152402379353, 0.01690358403275008
0.6982345902422348, 0.014234239949789571
0.6999302363923083, 0.011926941130605554
0.7019874560273222, 0.009990266907907388
0.7043809716467094, 0.00838034142275488
0.7070522208893181, 0.007056921981453651
0.7099735502902814, 0.005962268753676912
0.7130661792206117, 0.005065329507208706
0.7163139917467606, 0.004321499817059687
0.7197067171217755, 0.0036983610151310876
0.7231852180929315, 0.0031790592305849215
0.7267564739880714, 0.00274060916435799
0.7303890060755774, 0.002370301120190864
0.7340577648403884, 0.0020569693976120232
0.7377900513256703, 0.001787999956127414
0.741555567674202, 0.00155768232629919
0.7453550649585362, 0.0013593721101431491
0.7491813119832506, 0.00118817336809232
0.7530272498818327, 0.001040052123521704
0.7568888392350942, 9.115668020455316E-4
0.7607961344998955, 7.989568236129132E-4
0.7647053455486, 7.011339339771496E-4
0.768622013948072, 6.15807098256694E-4
0.7725163295196974, 5.417453577016646E-4
0.7764710397249268, 4.759906111990402E-4
0.7804208143054444, 4.1852340911693707E-4
0.7843758458148621, 3.68088541593654E-4
0.788326384685415, 3.238745086839542E-4
0.7922878342519583, 2.8492122223867244E-4
0.7962243285254841, 2.508722325441344E-4
0.8002205329039751, 2.204586269062702E-4
0.804192959972162, 1.9385597622677126E-4
0.8081814340974324, 1.703374432101647E-4
0.8121387375510339, 1.4977840087603583E-4
0.8161365353556107, 1.3147695904379663E-4
0.8201019782833643, 1.1548079375790328E-4
0.8240932213474136, 1.0129135247498753E-4
0.8280814478237025, 8.880071080259269E-5
0.8320781248322113, 7.777640912934943E-5
0.8360798412455739, 6.805906080346024E-5
0.8400569854472504, 5.955722657752828E-5
0.8440532145956519, 5.203925259538095E-5
0.8480357520323634, 4.54495049523917E-5
0.8520366029176317, 3.963045990678679E-5
0.8560353956817668, 3.452270597509062E-5
0.8600336104547869, 3.0040553751972042E-5
0.8640260184433449, 2.611509335653879E-5
0.8680251941259443, 2.2669206802465973E-5
0.8720116127401292, 1.9661416791825537E-5
0.8760091615454109, 1.7022638526778612E-5
0.8800250076570113, 1.470691318737547E-5
0.8840090222697804, 1.2701656858600509E-5
0.8880107678373156, 1.094504309187406E-5
0.8920127812024318, 9.41518323870499E-6
0.8960075410842181, 8.086728125773745E-6
0.9000074300021473, 6.930954904724809E-6
0.9040051923063226, 5.9285688751343735E-6
0.908004407820947, 5.05956162988499E-6
0.9120162130021766, 4.305295945825821E-6
0.915996219074259, 3.658535446905679E-6
0.9199999478096861, 3.096901528336411E-6
0.9239953921303372, 2.613941774568259E-6
0.9279986158340924, 2.1975971339965267E-6
0.9319982723888975, 1.840300297128259E-6
0.9360022197815208, 1.5335977169737482E-6
0.9400030171530966, 1.2712975443902946E-6
0.9439938700700357, 1.0477390470873628E-6
0.9479997638549506, 8.564456182234366E-7
0.9519931497315142, 6.943077773670461E-7
0.9560030736274764, 5.56307835670156E-7
0.9599947417187217, 4.4029923017448704E-7
0.9639640350753426, 3.432535435785199E-7
0.9680068370476771, 2.6070438581809515E-7
0.9720049043722081, 1.9315309319020427E-7
0.9760052092427604, 1.37832018441726E-7
0.980046906446598, 9.292740147990806E-8
0.9839983078311957, 5.854073020755113E-8
0.9879979455078406, 3.238362906071811E-8
0.991997910174062, 1.4214711054521761E-8
0.9960078541464968, 3.5083068332856007E-9
1.0000000000000993, 5.517949007793243E-33
