0.002425244102533458, 0.9999999999999756
0.0071331031319280605, 0.999999999994531
0.012637502981259497, 0.9999999999045475
0.018003606238305096, 0.9999999994398858
0.022686613298380565, 0.999999998220378
0.02578392571159633, 0.9999999966282851
0.03282800562747779, 0.9999999887097925
0.03928233526527, 0.9999999723008829
0.041553690316804816, 0.9999999633117126
0.04491807757814832, 0.9999999458516478
0.05118760984449788, 0.9999998959352392
0.053647976080659444, 0.9999998684029534
0.05800364216046372, 0.9999998055733744
0.06236845170442781, 0.9999997205499355
0.06551660816303792, 0.9999996425326241
0.07052805582617311, 0.9999994832399699
0.07340813353878778, 0.9999993687516714
0.07801117935001523, 0.9999991444143229
0.08228075342409358, 0.9999988832360306
0.08607990091414153, 0.9999986004514295
0.0905612567647351, 0.9999981961878419
0.09459099207950393, 0.9999977575233759
0.09828873705008605, 0.9999972835750771
0.10120017272368177, 0.9999968567051464
0.10530837550219264, 0.9999961655362414
0.10973382232380771, 0.9999952882623837
0.11378400256651809, 0.9999943521334513
0.11825989474974369, 0.9999931511775727
0.12312556118247123, 0.9999916204822908
0.12589198667882484, 0.9999906358540346
0.12982635095439646, 0.9999890782627888
0.13391174415507068, 0.9999872497004247
0.13780644478115958, 0.9999852872009326
0.1411449412651234, 0.9999837117109678
0.14594719679019472, 0.9999803910239702
0.15071700339656585, 0.9999769703730731
0.15381945100825312, 0.9999745005033178
0.1577207808183243, 0.9999710985592345
0.1619465245862919, 0.9999670137765869
0.16582474351362533, 0.9999628703652862
0.17069985883303646, 0.9999570820182572
0.17392419276025542, 0.9999528726372052
0.17828809890202202, 0.9999466561286777
0.18202395513397376, 0.9999408281408628
0.1856860462920542, 0.9999346314837421
0.18999466301711665, 0.99992668733386
0.19334109191924675, 0.9999199994364967
0.19784334990561142, 0.9999102406372407
0.20179489961826272, 0.9999009113551957
0.2058255424046566, 0.9998906118927161
0.20954582484793607, 0.9998803617918438
0.21391554649855551, 0.9998673557764283
0.2176656197636028, 0.9998553135658853
0.22180053673320588, 0.9998410375743085
0.2255082033883083, 0.9998272986879841
0.2292250535421847, 0.9998125871826221
0.23364693078744822, 0.9997937968479308
0.23762608332854246, 0.9997756261967621
0.24173265048436685, 0.9997555519483223
0.24563143128311773, 0.9997351869920048
0.24940922173462363, 0.9997141796111342
0.253547871888454, 0.9996896549105715
0.25731268529369555, 0.9996659077379164
0.26138259460374386, 0.9996386207006622
0.2652456507491113, 0.9996110955063757
0.2691759772815302, 0.9995813908826683
0.27351564153237523, 0.9995465065587329
0.2769302190173666, 0.9995174505680772
0.2812509268296243, 0.9994785612377752
0.2850632059020621, 0.9994428538058117
0.2891521161989689, 0.9994009490103852
0.2929660563449752, 0.9993603002208926
0.2970147313756104, 0.9993147494138943
0.300936518961518, 0.9992681689642242
0.30490328030443403, 0.9992184891986831
0.3089352211339341, 0.9991660757417729
0.31300589843080656, 0.9991085343474995
0.31669756641311797, 0.9990544513123015
0.3205336152663475, 0.9989954638105061
0.32463497545602693, 0.9989291239336915
0.3285262830123576, 0.9988629256677807
0.3324787976623379, 0.9987923045840278
0.3359385460690906, 0.998727580390245
0.34019221919899767, 0.9986441311040238
0.34416395746239875, 0.9985621994066481
0.34803775383133984, 0.9984783904158673
0.35186718596266153, 0.9983916044020467
0.3558404477359813, 0.9982972461402102
0.3597017556563714, 0.9982011600768371
0.3636260742981616, 0.9980988844764228
0.36732788727512555, 0.9979979553367585
0.3713127989934538, 0.997884265071831
0.3752995002266943, 0.99776505821966
0.37890303940337733, 0.9976523927623715
0.3831395877542156, 0.9975136872086838
0.3868787477989146, 0.9973853927971104
0.3907634712123693, 0.9972459865983038
0.3946228881077576, 0.9971010167629323
0.39832776261276864, 0.9969554851037928
0.4023558247963642, 0.9967898209245124
0.4060004325124935, 0.9966329087906279
0.4098352646306277, 0.9964602266872518
0.41359379019343273, 0.9962830386044822
0.41754502031763524, 0.9960878157502834
0.4212617106428516, 0.995895334507617
0.42504643170921863, 0.9956900056083572
0.428801945082563, 0.995476417435543
0.4324873132227144, 0.9952567174208157
0.4365119485817785, 0.9950046484749173
0.44007504392603836, 0.9947702418884964
0.4439145043416377, 0.9945050636647387
0.44762149768743315, 0.9942358411696165
0.45108840324496996, 0.9939715589672895
0.45506647830401653, 0.9936524234237623
0.45859706147538765, 0.9933540026940756
0.4625302791187091, 0.9930035214403182
0.4659621547402528, 0.9926811080709256
0.4696202138851397, 0.9923191825555636
0.4731528314421227, 0.9919505232379042
0.47686546683782954, 0.9915413176996898
0.4803157151140468, 0.9911395828222394
0.48390872065901497, 0.9906976291996498
0.4874493074411632, 0.9902368283055991
0.4906416325682299, 0.9897982559944095
0.4943337491351106, 0.9892616698094788
0.4979193429580526, 0.9887081435271554
0.501304358592492, 0.9881539863874217
0.5046909814434366, 0.9875665128120084
0.5081053480575071, 0.9869382242589475
0.5112948272716814, 0.9863162203927521
0.5147393582681593, 0.9856035128282433
0.5179351522930725, 0.9849013902374797
0.5211901772403402, 0.9841427454666645
0.5243798724511719, 0.9833535761161171
0.5275928918996912, 0.9825094333371466
0.5308743012181086, 0.9815925151922285
0.5338683098748404, 0.9807040052658291
0.5368440495342797, 0.9797682894702101
0.5396848926691601, 0.9788226485382758
0.5427116556143614, 0.9777549318168229
0.5453144570295013, 0.976810462741416
0.5485395021567597, 0.9755077106169039
0.5513062404287181, 0.9743443787818028
0.5538924172991864, 0.9731957650062515
0.5568274270929561, 0.9718157959760426
0.559552828921668, 0.9704567782999803
0.562061407043161, 0.9691354678551649
0.5646675905983471, 0.967686713719745
0.5671276435654071, 0.9662437214112175
0.5696540734647112, 0.9646807770928751
0.5721423695747768, 0.9630562621386443
0.5744621876942777, 0.9614610286223325
0.5766727373434355, 0.9598643107682314
0.5790521421094449, 0.958057189088372
0.5811642294645427, 0.9563720956727627
0.583236761194861, 0.9546404716613508
0.5855730840641235, 0.9525905670935594
0.5875903788767615, 0.9507327026092519
0.5896321549371054, 0.9487649163785439
0.591612889277267, 0.9467675996740571
0.5936503211186225, 0.9446177516271563
0.5953732991176462, 0.9427205694326247
0.5973197493563783, 0.9404857389165518
0.5991185286035898, 0.9383301271313069
0.6009168087946631, 0.9360842238201076
0.6025531080963394, 0.9339580936086123
0.6042803106478443, 0.9316247277252128
0.605996130357146, 0.9292121119447485
0.6076124611426228, 0.9268493069952157
0.6092514311163745, 0.9243602811896023
0.6107441569311696, 0.9220083425579559
0.6122495051492469, 0.9195510827654771
0.6136854324479636, 0.9171240445188943
0.6152615471265438, 0.9143628844077172
0.6165946802418265, 0.9119449148384572
0.6179539209638439, 0.9093987708548843
0.6193655248339003, 0.9066649454430643
0.6207034911705689, 0.9039863103694163
0.6220386255461047, 0.9012253617154882
0.6232674072558814, 0.8986038857760428
0.6246324959895095, 0.8955978981155666
0.6257076900955757, 0.8931584594041558
0.626884741971759, 0.8904129102245945
0.6281449711494084, 0.8873835606574759
0.6293261453138325, 0.8844570614630429
0.6303325150896626, 0.8818949208032499
0.6314067322513818, 0.8790880804713499
0.6326070086680671, 0.8758611729110026
0.6335920305448941, 0.8731392083086129
0.6347210397080226, 0.8699349216829523
0.635687970015914, 0.8671167745183219
0.6366497124366935, 0.864275250152039
0.6377501356972192, 0.860869421052033
0.6387032720065706, 0.8578684297736509
0.639640524846756, 0.8548447138556768
0.6404713284488474, 0.8521024517614028
0.6413443581234045, 0.8491563674204027
0.6423239444104922, 0.8457699045598134
0.6431261379577417, 0.8429383146526812
0.6440518362573782, 0.8395804281459506
0.6448155585728599, 0.8367535914962508
0.6457460927671385, 0.8332310908913639
0.6465454056556583, 0.8301348861809154
0.6474497294949336, 0.8265511987850334
0.6481575499956563, 0.8236848829733971
0.6489108363603853, 0.8205737271462716
0.6496090145918847, 0.8176329586827344
0.6504969249676527, 0.8138114290499096
0.651182429281814, 0.8107969592047142
0.6519375631390287, 0.8074099525067079
0.6526155779538743, 0.8043081552343198
0.6533035377779488, 0.8011007304401262
0.6540392876153256, 0.7976018339485011
0.6546738198918612, 0.7945259119858097
0.6553767501363932, 0.7910537651144854
0.6560312696614006, 0.7877581812093537
0.656663457945207, 0.7845163843237764
0.6573217449688022, 0.7810780519216187
0.6579498349422648, 0.7777363996858013
0.6585942476522874, 0.7742444655382382
0.6591751922197256, 0.7710401001798002
0.6597619135437034, 0.7677483955597495
0.6604250624555262, 0.7639592175410079
0.6609805647555502, 0.7607277162718564
0.6615223532662021, 0.7575244097331363
0.6621047044822252, 0.7540232296196492
0.6627204677778837, 0.7502542309288692
0.6632343881294619, 0.7470547045949377
0.6637701277107081, 0.7436713374589556
0.6643403391173973, 0.739997943581288
0.6648462941761937, 0.7366892452524554
0.6653640939147879, 0.7332493009532488
0.6658599048115208, 0.7299033393614599
0.6663910917115089, 0.7262608317728001
0.6669051871829896, 0.7226772954484902
0.66739307668128, 0.7192222715242971
0.6678769200601022, 0.7157426126478665
0.6683325101716929, 0.7124166271582353
0.6688314395329162, 0.7087179211525523
0.6693096196260425, 0.7051165440701334
0.6697580618900373, 0.7016877686185949
0.6702038632174275, 0.6982288494435444
0.6706538315932746, 0.6946855399024726
0.6711423204005147, 0.6907784199403454
0.6715355241657301, 0.6875866610460382
0.6719778810459258, 0.683944946927647
0.672386573494378, 0.6805314014890327
0.6728180125359343, 0.6768757037688391
0.6732381052964198, 0.6732635236317186
0.6736630554148065, 0.6695555841217465
0.6740663327242404, 0.665985333514945
0.6744599337009675, 0.6624514520007747
0.6748398291294072, 0.658993410490451
0.6752414279196148, 0.6552862705723451
0.6756186205877411, 0.6517551139809361
0.6759728100323539, 0.6483948691866652
0.6763841236912, 0.6444374529794145
0.6767475572629355, 0.6408902097589725
0.6770944960722085, 0.6374587522824267
0.6774876532203135, 0.6336505893345293
0.6778324402858013, 0.6300087035612437
0.678146387211239, 0.6267749418380699
0.6785324482257189, 0.6227441658988215
0.678883831645706, 0.6190222644908098
0.679216412596161, 0.6154517137627635
0.6795658600902835, 0.61164881691523
0.6798730911847949, 0.6082609504972745
0.6802180741309164, 0.6044061124734538
0.6805309608324401, 0.6008624832359337
0.6808519345817414, 0.5971792591447296
0.6811841750039577, 0.5933143125136224
0.6815020652384467, 0.5895651401925888
0.6818074801241408, 0.5859148152908126
0.6821417082820724, 0.5818645225200605
0.6824353006957815, 0.5782575402287398
0.6827252513545236, 0.5746490736834312
0.6829932763107617, 0.5712716500236815
0.6832651638501339, 0.5678035352935484
0.6835625169309618, 0.5639609698978485
0.68384733795505, 0.5602305213073211
0.6841154450392425, 0.5566732990544698
0.6844345721699202, 0.552379851574676
0.6846760379006684, 0.5490873000662451
0.6849515592413082, 0.54528290810102
0.6852070483609572, 0.5417087725870692
0.6854892265887985, 0.5377080539370501
0.6857330477949831, 0.5342049441176908
0.68600313731346, 0.5302730664465934
0.6862539668526131, 0.5265719000427573
0.6864951274281437, 0.5229670597793816
0.68674589205069, 0.5191691487977882
0.6870055469011527, 0.5151819509217993
0.6872199082722672, 0.511847035742305
0.6874459795405317, 0.5082865927388523
0.6877109396728885, 0.5047448654759338
0.6879420186375232, 0.5003121781817091
0.6881555017422342, 0.4968089001862865
0.6883779537257181, 0.49311096767180623
0.6886213028609153, 0.48900848490194987
0.6888251204554869, 0.485525077947563
0.689041441321316, 0.4817792911408473
0.6892648063099517, 0.4778572996635677
0.6894774364561057, 0.47407097472438137
0.6896891719514577, 0.4702477201001544
0.6898862141218645, 0.4666408800258725
0.6900931895030176, 0.46279979919311376
0.6902994097409262, 0.4589175597211558
0.690497986906654, 0.45512539055648027
0.6907038855473936, 0.45113570752556736
0.6908914476875859, 0.44744996137036597
0.6910941009076621, 0.4434057558784629
0.6912657654318004, 0.4399318976218234
0.6914555355246119, 0.4360370633639355
0.6916449529932951, 0.43209025005209434
0.6918161683783909, 0.4284699203832589
0.6919941872643993, 0.4246506087361717
0.6921722284254113, 0.4207725092886346
0.6923377862002517, 0.4171120086834845
0.6925119225655259, 0.41320315869476887
0.6926792005421604, 0.4093893890655792
0.6928376742211875, 0.40572101886862943
0.6930063675986619, 0.4017545307605746
0.6931582946311221, 0.39812574904800485
0.6933204472042654, 0.3941911537690876
0.6934865317218097, 0.39009239621404296
0.6936322861687226, 0.3864355203824615
0.6937827814411012, 0.38259841264457145
0.6939293503169588, 0.3787989499034826
0.6940710058718279, 0.37506566825867127
0.6942336393941104, 0.3707019334322159
0.6943794760113815, 0.36671464355030603
0.6944973553444684, 0.36343817258035305
0.6946400290784789, 0.3594053838181558
0.694770722505058, 0.35564366298149214
0.6949031957361115, 0.35176147210611736
0.695034834584154, 0.34783118717668243
0.6951624346592663, 0.3439491294621049
0.6952849746203011, 0.34014972534372984
0.6954149252300029, 0.336040930116287
0.6955282621203612, 0.33238668467674143
0.6956467915872661, 0.3284906197349042
0.695758204124932, 0.32475538395063436
0.6958835645754238, 0.32046290243126635
0.6959813969475798, 0.31704334732695066
0.6960951723251463, 0.3129851775039589
0.6961971716610778, 0.3092684288753145
0.6963022523906663, 0.30535698108083054
0.6964069057994464, 0.3013732450029184
0.696501727616785, 0.29768308032639895
0.6966076157276839, 0.29346579091441904
0.696699927280028, 0.28970089992240755
0.6967952747314698, 0.2857201055366198
0.6968818043426187, 0.28202129765528505
0.6969746707537977, 0.2779543698183966
0.6970618529979405, 0.2740386644409469
0.6971432860859531, 0.2702900166804165
0.6972263007208787, 0.2663717867446023
0.6973091528029437, 0.2623573038818306
0.6973941480261512, 0.25812354268987664
0.6974682331505796, 0.2543312323009526
0.6975404876797628, 0.25053492673073335
0.6976090188341141, 0.24683941957553257
0.6976818996770867, 0.24280156869783917
0.6977508566182585, 0.2388723458464923
0.6978157194530185, 0.23507390976544892
0.6978833223438567, 0.2310029993279817
0.6979519608548879, 0.22674606264990116
0.6980073441449401, 0.22321570641810942
0.6980674799329373, 0.21928145487478892
0.6981254647237025, 0.21538471883870233
0.698180314532999, 0.21160266194732438
0.6982384413687869, 0.2074908657794011
0.6982913414540762, 0.20365551874284854
0.6983457443767247, 0.19961967952642565
0.6983986081231358, 0.1956122840599931
0.6984488238559793, 0.19173251277795567
0.6984979866076524, 0.18787235072941297
0.6985473556645324, 0.18394441574837808
0.6985974928891964, 0.17991585041182864
0.6986470478446143, 0.1759115279219839
0.6986977455707996, 0.1718121705208337
0.6987422071424155, 0.16823336936716232
0.6987902097407512, 0.16440731498573355
0.6988480695208462, 0.15987814488261617
0.6988937185976604, 0.15639111718880266
0.6989495883335488, 0.15225232310853445
0.6990027053246607, 0.14846942718501813
0.6990599454148152, 0.1445769226338002
0.6991199063958727, 0.14071251832550755
0.6991906438937369, 0.1364428001759555
0.6992637382200969, 0.13235256736785234
0.6993280679431703, 0.12901081490140082
0.699419403367196, 0.12465056616816263
0.6995035376766368, 0.12099600808153949
0.699602075781816, 0.11710527608972704
0.6997099092256346, 0.11326622333695129
0.699845853616457, 0.1089539313397147
0.6999658935295388, 0.10555637304399337
0.7001180122672687, 0.10170762858069153
0.7002895956489859, 0.09787012174113492
0.7004919037856951, 0.09389722454229599
0.7007069420028625, 0.09019678087268831
0.7009373804767403, 0.08670708139498956
0.7011878135718742, 0.08336093370928109
0.7015574468320543, 0.07908688233767411
0.7019427472096679, 0.07528189482363311
0.7023204653794113, 0.07204618746513784
0.70282644253622, 0.06830214790709618
0.7034065932264315, 0.06464628325436074
0.7039388286721351, 0.061751551993259615
0.7046653329591865, 0.05834401493674468
0.7054628264751991, 0.055159388097713535
0.7063937914497956, 0.05199869053994654
0.7074331783157128, 0.04900696886073544
0.7084712588064591, 0.04645141285383875
0.7098843182727873, 0.04350053342742641
0.7113072733319922, 0.041003096033281554
0.7129202704924748, 0.03859319702884626
0.7145943328767083, 0.03647056255015627
0.716604246252186, 0.03448609218899415
0.7187390146333122, 0.03236953794122122
0.7208732167602369, 0.030716807676429703
0.7233368471874679, 0.029087913750668323
0.7259137069104097, 0.027637341736851156
0.728455056362886, 0.026409110754885248
0.7314096461929158, 0.02518419859748312
0.7344897171734813, 0.024095254937269838
0.737329326923764, 0.023230159977473384
0.7405528794429841, 0.022381323368379974
0.7438737181923724, 0.021630364115211707
0.7472299604031392, 0.020977902015379628
0.7515102836758192, 0.020275171335691563
0.7541806708666827, 0.019899221995636575
0.7573281263532852, 0.019509143096822876
0.7612205313852227, 0.01909601763806584
0.7650528177668529, 0.018753921457887422
0.7686103782473024, 0.01848587164920412
0.7723723688791753, 0.018247343087038317
0.7759362337042258, 0.01805836549082594
0.7799232775526798, 0.017883602237727947
0.7837278860779929, 0.017747501729418955
0.7875874738287657, 0.017634802265529957
0.7915025443419843, 0.01754139177596848
0.7956784470014636, 0.01745900065032813
0.7996647831291183, 0.017390944385415764
0.8033366891776711, 0.017331996388794863
0.8077281322862268, 0.01725860758289556
0.8110347332050667, 0.017195544773738452
0.8151295583664644, 0.017100163343443525
0.8189687128632559, 0.0169845800580595
0.8228015058510237, 0.016833692383608958
0.8266941962350842, 0.016632091033853692
0.830372632356407, 0.01638387365935573
0.8340129226716826, 0.016068664286583614
0.8374587743235725, 0.015691582416491056
0.841165734240764, 0.015181078105788675
0.8442201685449704, 0.014661757059632699
0.8480296053728648, 0.013862135705043485
0.8511488142991516, 0.013055992541568152
0.854103820727762, 0.012140165546641353
0.8568908039602351, 0.011156506339048154
0.8597308658773531, 0.009870705424415599
0.8623507048889514, 0.008504825539920807
0.8647921366853533, 0.006985431231565024
0.8670374641886435, 0.005288443510602711
0.8691013088072795, 0.0032686433205795103
0.8706893061335215, 7.520864889519511E-4
0.8739710651028244, 1.2890679420145886E-4
0.8777130641393321, 6.730581432598409E-5
0.8822051056471115, 4.2712960140283076E-5
0.8858527493586864, 3.330968849124336E-5
0.8897094055481273, 2.7588406940078535E-5
0.8937189213099954, 2.3726750558865486E-5
0.896648640730118, 2.186495501857676E-5
0.9018313644621264, 1.9686444169316826E-5
0.9053590085813669, 1.8740745458556958E-5
0.9097278367836519, 1.7958621149601487E-5
0.913399857827024, 1.752845598844791E-5
0.9178532429936269, 1.71800921336805E-5
0.9217194759691409, 1.695621823155864E-5
0.9259092902775192, 1.6717313468668472E-5
0.9296313628072104, 1.6440476845049773E-5
0.9333700711529398, 1.6031188700149903E-5
0.9370399162029636, 1.542804486332902E-5
0.9414455516474038, 1.4326100500163225E-5
0.9455014228769025, 1.2873703220469335E-5
0.9495761190353668, 1.0746020338560829E-5
0.9536302788327027, 8.043479888195897E-6
0.9576601455579372, 4.812050603946473E-6
0.961647061990557, 1.5056178853056455E-6
0.9653865459859438, 6.528401748248452E-11
0.9695412994514372, 3.7628588057658874E-14
0.9735434777064067, 1.6651456009223802E-16
0.9774577486456851, 1.010198568705481E-18
0.9815543262765761, 3.936465813069201E-21
0.9853290824667201, 1.558945346763967E-23
0.9889812346774054, 4.099440702778963E-26
0.9935317474133094, 6.47368865693378E-30
0.9974053623544841, 1.024944819418372E-34
0.5590623338189239, 0.971584318716616
0.6940710058718279, 0.37506566825867127
