1.5979292194989725E-9, 1.999960027837052
4.4069255770634586E-5, 1.9933614743964259
1.8302605650993842E-4, 1.9864702368629583
4.079897376563918E-4, 1.9797960152503316
7.157026254324961E-4, 1.9732313060669566
0.0010997091459002857, 1.966800155091855
0.0015659819443216705, 1.9603505001515584
0.002082937121514101, 1.9542245895144226
0.0026886459321801837, 1.9479210155116693
0.0033656256051038218, 1.9416307889604314
0.00409083297486007, 1.9355160928350008
0.004876063515744683, 1.9294271574373436
0.005713937364984878, 1.9233892087476585
0.0065912699085126925, 1.917458238058199
0.0075204385422204, 1.911519232463419
0.008493074806193292, 1.9056028094518178
0.009493475427299336, 1.899775928430366
0.010538296327546551, 1.8939182831285355
0.011604561310957051, 1.8881379746804166
0.012690688633701845, 1.8824203779681414
0.013814617790676609, 1.876655320982632
0.01504058935836966, 1.8705145524079874
0.016090780547083815, 1.8653585855925252
0.01728978133266936, 1.8595730652620923
0.018470247921074906, 1.8539685573297602
0.01968821883866806, 1.8482694100926778
0.020900069133540852, 1.8426735471092168
0.022122025803741285, 1.837098900472677
0.02337927934830908, 1.8314283074883904
0.024633631525924904, 1.8258319791171314
0.025893119340528112, 1.8202709611607062
0.027180162401305163, 1.8146463793892715
0.028629278699479288, 1.8083824381308378
0.029758877143537532, 1.8035501400953673
0.031074708360938896, 1.7979775903221884
0.03226863022666909, 1.7929750378892544
0.03381074218113736, 1.7865918147697926
0.035075495977936744, 1.7814252938507535
0.03643191388675375, 1.7759565224469376
0.03781971386684854, 1.7704426242857525
0.03920647740277661, 1.7650197536750951
0.040630099535356734, 1.7595484363082488
0.042057066761233344, 1.7541673509949494
0.043527056583556725, 1.7487384373275279
0.04501039515642671, 1.7433849409540771
0.046529479633616866, 1.7380398777036221
0.04807627593077086, 1.732748475046481
0.04965975720349719, 1.7274983960221362
0.05129560332626673, 1.722261566623911
0.05298308260337885, 1.7170688766736846
0.054696580486228344, 1.7120247221259928
0.056539558408041056, 1.7068689881084258
0.05840423534213749, 1.7019499743591981
0.0602098061237501, 1.6974840866494505
0.06248205712457022, 1.6922965284392366
0.06467127293816446, 1.6877718707164089
0.06715733090005362, 1.683217223816358
0.06980162382074039, 1.67907474803602
0.07281262149572308, 1.6752618016493241
0.07640124743014304, 1.6719981836199027
0.0811251466973043, 1.6698402912358778
0.1824620097057778, 1.6683660277845282
0.18350337642539902, 1.6625284907388118
0.1845098720124094, 1.6567409725515132
0.1855131830828465, 1.650833107346059
0.18648007715145315, 1.6450122002405254
0.18744272096766662, 1.6390961759025142
0.18839384271174406, 1.6331362572909602
0.18932557196144267, 1.6271908755209714
0.1902411267719859, 1.621249084493578
0.19113445336447102, 1.6153597847225158
0.19203927557378822, 1.6093058227156338
0.19290472307580656, 1.6034349697300558
0.1937797353395197, 1.5974227941120125
0.19464296253072289, 1.5914196820481126
0.19548324165582162, 1.5855108518242593
0.19633648301078827, 1.579448332988463
0.19718516118651408, 1.5733591599693915
0.1980161005832696, 1.5673435778114282
0.19883329704031263, 1.5613789420311572
0.19967193435050645, 1.55521122399366
0.20047528059629569, 1.5492620789193634
0.2012824997487304, 1.5432471558180385
0.2020881039910505, 1.5372104796992627
0.20289202095258918, 1.5311561246742356
0.20368294629839293, 1.5251733140461425
0.20449172973036478, 1.5190318490942982
0.20529180411517386, 1.512936475439626
0.2060780611961512, 1.5069302965944136
0.2068773720205015, 1.500811486449324
0.2076612621672443, 1.4948014329502208
0.2084496076421518, 1.4887513261910708
0.20925990904829392, 1.48253014014281
0.2100329644104222, 1.4765958791695177
0.210830084108647, 1.4704813869151836
0.21158647867112487, 1.4646867489535482
0.2124125898514874, 1.4583700232879468
0.21320079298356803, 1.4523584539581023
0.2140021573473555, 1.446265518090145
0.21480142613514816, 1.4402112967030656
0.21560032657912023, 1.4341863062586562
0.21641449027935405, 1.4280772418090253
0.21722180094992183, 1.4220543704264186
0.21804019317117176, 1.4159881135156391
0.21885132798595802, 1.410018588613786
0.21968013268710324, 1.4039672213003809
0.2205109990643337, 1.3979538271737733
0.2211126334744622, 1.3936349900432883
0.22219644816338247, 1.385935564445827
0.22301517488281497, 1.3801928597520177
0.2239243376668949, 1.3738952398320774
0.2247968607966037, 1.3679347949349552
0.22567795887590925, 1.3620034859474714
0.22657677258627676, 1.3560486644507075
0.2274960132318888, 1.3500637598416119
0.22842006842085014, 1.3441601072805804
0.2293605518316304, 1.338272930851956
0.23030720724762768, 1.3324764282712274
0.23130594648996103, 1.326507803816334
0.23229479969939473, 1.3207529725997862
0.2344012032416469, 1.3090357244444177
0.23549195034062984, 1.3032728141165362
0.23661748038422986, 1.2975547205327602
0.2377845914610634, 1.291879289245236
0.23902255094870334, 1.2861516508087343
0.24028622713273823, 1.280625789707281
0.24162687101326336, 1.2751291715600672
0.24305690672618754, 1.2696942608624275
0.2445812079626735, 1.264402752725844
0.24624885478819422, 1.2592243948066981
0.24811954050476764, 1.2541973138952867
0.2502630314844948, 1.2494825510386414
0.25291872841599716, 1.2452335258466012
0.2567573666638658, 1.2422942162577393
0.4093167767384988, 1.242119585430732
0.40965219539409375, 1.2376342432734693
0.4101413262805321, 1.2311059844862813
0.4106088338207303, 1.2248815332291274
0.4110951308182366, 1.2184241335110273
0.41158054548746714, 1.2119974297758724
0.4120585231573939, 1.2056891577419828
0.4125383864398882, 1.1993773684824802
0.41303074342731444, 1.1929250056114917
0.4135199227943327, 1.1865396171003677
0.4140072463023106, 1.1802050675893336
0.4144997356484278, 1.1738318848100748
0.41532627976774944, 1.1661395210766972
0.41549059830386215, 1.161102424678913
0.4159854755143257, 1.1547944651987547
0.4164897708867253, 1.1484026158612648
0.41699180854775364, 1.142077243472838
0.41750124182182585, 1.1356989527691779
0.41801327865519144, 1.1293306074745624
0.4185226957594943, 1.1230388346383793
0.4190391792758863, 1.1167062871609
0.4195621112039919, 1.1103440936354054
0.42008375527115055, 1.104048892807986
0.42061296041300306, 1.0977166113887407
0.4211489205892696, 1.0913609399328452
0.4216868023206485, 1.0850424838520776
0.4222265943455101, 1.0787638994319009
0.42277617857161914, 1.072437491858995
0.42333192312992657, 1.0661099712460196
0.4238902223706779, 1.059826058353764
0.42444666987392915, 1.0536375055914606
0.4250260530645332, 1.0472751430827056
0.4256085325357685, 1.0409644209090787
0.426189429564788, 1.0347587242615413
0.4267863866459416, 1.0284751682205027
0.427394108999555, 1.0221782994037951
0.4280000404029489, 1.0160028349212595
0.4286247344276888, 1.0097462403218171
0.4292566960757973, 1.0035332051102501
0.4299061701500103, 0.9972726835383341
0.4305564487893929, 0.9911339037464395
0.4312106010818527, 0.985092011180155
0.4319168136388216, 0.9787228545948833
0.4326116154109091, 0.972615449561591
0.43332852495963436, 0.9664822871218381
0.4340552848322088, 0.9604431267355932
0.4348226918176419, 0.9542648990002865
0.4356103997554541, 0.9481396555959061
0.4364148886356022, 0.9421146119679807
0.43724826873789335, 0.9361236726857216
0.4381234310314799, 0.9301118958852049
0.4390280382280702, 0.9242042176716999
0.4398981869693069, 0.9188206926926894
0.4409776219093071, 0.9125571129861959
0.44208160340344593, 0.906634609238802
0.4432576278605529, 0.9008730731577721
0.44452100816066553, 0.8953237772662154
0.4459247963454537, 0.8899487271956181
0.4475447618667196, 0.8847980682055613
0.44958927734703574, 0.8799339671791438
0.4526539113565961, 0.8761228809982793
0.6184853645346565, 0.874236736999645
0.6186864366967675, 0.8707379334551882
0.6190529142865993, 0.8643908358834724
0.6194357809165829, 0.8578019233795552
0.6198141739766415, 0.8513331386835492
0.6202257767003208, 0.8443464286591476
0.620577701804938, 0.8384147427034582
0.6209625888632113, 0.8319727935172743
0.6213515161263448, 0.8255122551665792
0.6217470172927804, 0.818994111191588
0.6221382673894771, 0.8125982102666401
0.6225358481632318, 0.8061530374709203
0.6229385827329548, 0.799681101046753
0.623340282334431, 0.7932838027385753
0.6237511739717916, 0.7868011538005778
0.6241660507964448, 0.7803194034579811
0.6245792920810919, 0.7739280429335885
0.6249870393247158, 0.7676861876845765
0.6254237101821912, 0.7610738754086355
0.6258564224519877, 0.7545965400434657
0.6262908605491655, 0.7481697748821355
0.6267311615716837, 0.7417356966193337
0.6271752863992485, 0.7353280434685863
0.627623896122768, 0.7289409505038521
0.6280800933799302, 0.7225350979356527
0.6285414184991314, 0.7161501793458129
0.6290095990603618, 0.7097674211862678
0.6294893820160727, 0.7033294345402612
0.6299669099656413, 0.6970267228678795
0.6304601435776742, 0.6906283316633082
0.6309523694830376, 0.6843577127444689
0.6314626482870279, 0.6779798092552328
0.6319839394973487, 0.6715950657774479
0.632509979753702, 0.6652880422520608
0.6330494569323968, 0.658963646125172
0.6335973968648284, 0.6526910578920928
0.634161956008522, 0.6463895453358854
0.634740122315078, 0.6401081126771313
0.6353295876484929, 0.633885415198362
0.6359528742683246, 0.62750761452953
0.6365741450341728, 0.6213596541646506
0.6372263751075984, 0.6151329512171076
0.6378974482661072, 0.608972759830209
0.6385934998013683, 0.6028506044550411
0.6393287393262749, 0.5966830463089656
0.6400861073375598, 0.5906552797182449
0.6409013359030051, 0.5845405441019842
0.641751360093076, 0.5785821907497889
0.642667437351284, 0.5726435749742618
0.6436449574123965, 0.5668654522214027
0.6447607111371001, 0.5609836530677097
0.6459919104460743, 0.5553863074408577
0.647451646480842, 0.5499783411145823
0.649320969376115, 0.5450222212986305
0.652512501301987, 0.5417366765098066
0.8233741982411618, 0.5408703435470688
0.8237036602942454, 0.5341692843026247
0.824018062590318, 0.5278256463315691
0.8243526182481336, 0.5211309321142297
0.824673909302339, 0.5147562676330566
0.8250047121571484, 0.508249521063656
0.8253441558137626, 0.501633309599873
0.8256775020396687, 0.49519633586264644
0.8260211890014575, 0.48862311884802945
0.8263394075205728, 0.4825951187603682
0.8267088408372637, 0.475667911566676
0.8270532074654842, 0.46928020024682626
0.827411559680151, 0.4627051083438778
0.8277702436823395, 0.45619836485060794
0.8281350480275994, 0.449657886565204
0.8285008040682995, 0.4431794995177898
0.82887010642295, 0.4367196390206475
0.8292480811681436, 0.4301936536646934
0.8296190048287982, 0.4238745212510504
0.8300111501396115, 0.41728654230257045
0.8304041281632245, 0.4107811952360181
0.8308043910015114, 0.4042557803787381
0.8311995856672262, 0.39791358022556034
0.8316078090769892, 0.39146835776931377
0.8320223999921336, 0.3850340782768922
0.8324478096319969, 0.3785498902185591
0.8328549069229774, 0.37245787126882257
0.8333185885568953, 0.365655162501482
0.8337590819226794, 0.35932823352634813
0.8342159333966078, 0.3529073325005009
0.8346795995206338, 0.3465388840862761
0.8351502783869147, 0.3402283649051603
0.8356396640135939, 0.3338334389964712
0.8361508758903189, 0.3273362333546037
0.8366616747250036, 0.321032785097094
0.8371835447258448, 0.3147891968565074
0.837742615617278, 0.3083229081034624
0.8382945615420878, 0.30216683755240936
0.8388757988596719, 0.29593102707299646
0.8394908808037211, 0.28961056026000265
0.840116820245797, 0.2834751848082412
0.8407900654311647, 0.2772131810233618
0.8414910889485065, 0.27106748751785104
0.8422315278714598, 0.2649950878583174
0.8430282938280238, 0.2589456957188466
0.8438947001437482, 0.25294322462478325
0.8448415931741708, 0.24707519518529697
0.8459207589710614, 0.24127660846890076
0.8471863518212717, 0.23569392524313326
0.8488220091479592, 0.23044381632186806
0.8518103098235827, 0.2266312026730637
