0.28077531881536977, 0.9442279038742704
0.2807753199483074, 0.9216856616100033
0.28330726379385673, 0.9202581248675907
0.2869126884641212, 0.9182032311227806
0.29048158408202585, 0.9161435648746151
0.29403652770562194, 0.9140666379082227
0.29757866588065374, 0.9119720656266719
0.3011141551105124, 0.9098564142557894
0.30463671291579497, 0.9077236507126853
0.3081607534831461, 0.9055651688938636
0.3115976690071467, 0.9034361386545445
0.3150735620097138, 0.9012589468463063
0.3185189180311243, 0.8990770477895496
0.32190278456656374, 0.8969109911881864
0.3253955324427582, 0.8946512315378005
0.3287966015580789, 0.8924273517375284
0.33218748790344577, 0.8901871105694165
0.33556747516471386, 0.8879311956174195
0.3389674124802231, 0.8856389251380536
0.34232721062859006, 0.8833510164763276
0.34565384361025053, 0.8810634595923192
0.3489537187141135, 0.8787724466395348
0.3523133286690686, 0.8764175989308307
0.35560221220432375, 0.8740904698366282
0.358924675436201, 0.8717176252512208
0.3621601567340361, 0.8693856937519239
0.3654330968576307, 0.8670054728840789
0.36869081036410145, 0.8646150607181605
0.3719455411550261, 0.8622056511469366
0.37517976178649126, 0.8597904482396851
0.3783627506864832, 0.8573930873411366
0.3817113861631597, 0.8548491034109769
0.38474203146417785, 0.8525273750294666
0.3879695051062706, 0.8500346714625543
0.39113568035690494, 0.8475690773786325
0.3943012089047768, 0.8450839533768373
0.39744890940716826, 0.8425929628555466
0.40056448550046064, 0.8401078902691554
0.4037035277435377, 0.8375844763666662
0.40685726794646826, 0.8350294108338552
0.40992867423710255, 0.8325219390278544
0.41302730264214293, 0.8299731338770904
0.41612520245458506, 0.8274057410695654
0.4192109640950009, 0.8248293357003879
0.42225780552980885, 0.8222667500503903
0.4253340461022507, 0.8196606108823629
0.4283223916236055, 0.8171108205804652
0.43138241603257355, 0.8144813714047677
0.4344071350379143, 0.8118638640541844
0.43744617791524765, 0.8092155420783816
0.44043595021995596, 0.8065921400078285
0.44340677313531873, 0.8039676659118271
0.44639751375851977, 0.8013077752903622
0.44940671960663847, 0.7986134157873553
0.45235225809832347, 0.7959585307994914
0.4552473402482571, 0.7933322224080662
0.4582760160254642, 0.790566790469154
0.4611715859080794, 0.787905749445386
0.46414355743270796, 0.7851570652306434
0.46710516077380493, 0.7824004058054504
0.46996730796268826, 0.7797196597405759
0.47283686307312245, 0.7770155357589056
0.4757330916471352, 0.7742695850754363
0.4786523678761637, 0.7714848137421343
0.4815296623754931, 0.7687234194424125
0.4843797861602652, 0.7659717854148511
0.4872623843211631, 0.7631722820403364
0.4901024889435459, 0.7603978020332124
0.4929558937402577, 0.7575940911176167
0.4957894874904446, 0.7547937393532882
0.49862273763911247, 0.7519776793151687
0.5014082469570686, 0.7491934268910097
0.5042639936216982, 0.7463228665832953
0.5070725347838634, 0.7434838559330538
0.5098894193954993, 0.7406205727820308
0.5126423006349174, 0.7378070217294098
0.51545550654716, 0.7349161655302194
0.5182148721836988, 0.7320652663615839
0.5209883288131562, 0.7291844711310695
0.5237278122922304, 0.7263238685573271
0.5265090365253777, 0.7234043328489909
0.5292561120050838, 0.7205054647926178
0.5319734955672799, 0.717623087441188
0.5347235531279315, 0.7146910236675297
0.5374337639846278, 0.7117866524169836
0.5401713792338445, 0.7088380066539232
0.5428399134147415, 0.7059493475715799
0.5455176377120414, 0.7030364313854738
0.5482709166747394, 0.7000263785032111
0.5509190295388614, 0.6971170030310851
0.5536144305933375, 0.6941412779514136
0.556224429528646, 0.691245996473348
0.5589651428471558, 0.688191055349195
0.5616268754722364, 0.6852097772670267
0.5643493070586303, 0.6821458622609513
0.5670039416706081, 0.6791439809604704
0.5695625639969968, 0.6762373387695879
0.572158507364531, 0.6732749246786903
0.5748659281455765, 0.6701709443330435
0.5774287114706533, 0.6672192868076673
0.5800602643353135, 0.6641747621419006
0.5826686288680696, 0.6611434037482065
0.5852862281434206, 0.658087640147157
0.5878745166022554, 0.6550526259074049
0.5904516084153688, 0.6520174355586354
0.593042650313701, 0.6489524309922411
0.5956234002410976, 0.6458862603755168
0.5981804249902103, 0.6428351463920151
0.6007562682960226, 0.6397483624878944
0.6033144649381319, 0.6366695980638234
0.6058800274968095, 0.6335688298456728
0.6084330692267275, 0.6304701327351908
0.6109745627082335, 0.627372510567386
0.6135098941210653, 0.6242695336228138
0.6160441302918056, 0.6211550558519409
0.6185363586365632, 0.6180796830099049
0.6210921643735698, 0.6149129610347855
0.6236202655066617, 0.6117677194834182
0.6261231950544395, 0.6086412079659291
0.6286011951150223, 0.605533500096757
0.631107649268531, 0.6023776201168038
0.6335920778373435, 0.599237079069144
0.6360635695508781, 0.5961006487597772
0.6385690910822599, 0.5929085691329498
0.6410423136354417, 0.5897453313823523
0.6434864721528104, 0.586607253306887
0.6459774585822001, 0.5833967649841029
0.6484274798498422, 0.5802269745520604
0.6508913809068256, 0.5770271251350403
0.6533593280954133, 0.5738098553659693
0.6557744140760366, 0.5706497093618037
0.6582201928731446, 0.5674375188636545
0.6606708617999193, 0.5642069120737448
0.6630895538784038, 0.5610066871210578
0.6655040162418489, 0.5578003947553039
0.6679252535277724, 0.5545734028808375
0.6703461097362083, 0.5513352025414283
0.6727418240536645, 0.5481190990876067
0.6751731011141562, 0.5448435246797738
0.6775555185351942, 0.5416223144527967
0.6799408372714406, 0.5383858143395883
0.6823668564848482, 0.5350824233486868
0.6847166118007052, 0.5318716606640866
0.6870842623530808, 0.5286252817111606
0.6894803524009759, 0.525328499397976
0.6918425239128206, 0.5220671512169784
0.6941940446317537, 0.5188094291256096
0.6965594459411937, 0.5155213252716795
0.6989146663392543, 0.5122362609848776
0.7012698961055389, 0.5089400947883956
0.703616770034694, 0.5056445927410894
0.7059838987739, 0.5023094954318925
0.708306060412926, 0.49902686917344247
0.7106133055149788, 0.49575465302530064
0.7129645406523439, 0.4924091007611256
0.7152783387138651, 0.4891060286503542
0.7176137725348286, 0.48576121758288626
0.7199082786296036, 0.4824644049502551
0.7222432315917979, 0.4790986727334155
0.7245259801122128, 0.47579765495983384
0.726871909741476, 0.4723944194626983
0.7291244638813711, 0.4691162902653463
0.7314567105617564, 0.4657114972377367
0.7337196259449008, 0.46239752591980815
0.7360175046073403, 0.4590218768361775
0.7382769391867126, 0.4556924112175509
0.7405706795012539, 0.4523019544671981
0.7428245240785911, 0.44896022437614613
0.7450997706482663, 0.4455764621507007
0.7473540526432116, 0.4422136726727922
0.7496106576085203, 0.4388372435591153
0.7518774880442834, 0.43543526574139424
0.7541236472497626, 0.43205417855944345
0.7563726097359518, 0.42865876718389917
0.7586234647442134, 0.4252503749864183
0.7608623082884145, 0.4218501244494522
0.7630770635449198, 0.41847659919855273
0.7653346112689311, 0.4150278006981209
0.7675498417186095, 0.41163374576958195
0.7697998892351248, 0.40817630379268677
0.7719908174820438, 0.4047999798161505
0.7741807819562408, 0.40141555168568777
0.7764382306508882, 0.39791679671758395
0.7786283358313206, 0.394512679616247
0.780839337837143, 0.39106635606516205
0.7830178895122937, 0.3876610550957876
0.7852281768936209, 0.38419645202635966
0.7874287706666436, 0.38073734171256285
0.7896067579321074, 0.37730423464150037
0.7918073615653296, 0.37382584705650856
0.7939858251364703, 0.3703729201569679
0.7961693472097887, 0.366902455487914
0.7983740367972709, 0.36338867743776376
0.8005102259885463, 0.3599748051055312
0.8026634541724798, 0.3565244708919357
0.804851489913388, 0.3530088667665406
0.8070106617718527, 0.34953025754782296
0.8091200278993277, 0.3461228900233861
0.8113268491026738, 0.3425485778450469
0.8134850178502488, 0.339043650528616
0.8155956462962382, 0.3356069245113483
0.8177262722702017, 0.33212860444723585
0.8198947853908144, 0.3285791140710956
0.8220272064613569, 0.32507953331566747
0.8241415544879809, 0.32160063796142935
0.8262953851047461, 0.3180475904399506
0.8284327611759237, 0.31451251951342746
0.8305815649015786, 0.3109493423255295
0.8326720780376096, 0.30747396535601146
0.8347798330698878, 0.30396107991403226
0.8368818703418764, 0.3004488790917644
0.8389955046131279, 0.29690839526662044
0.8410991541096968, 0.2933757692217716
0.843203252339246, 0.28983354038115733
0.8452999435301751, 0.286294977706681
0.8474109833127252, 0.28272332066756933
0.8494834892221318, 0.2792081926422264
0.8515807343859384, 0.2756423641818806
0.8536807966529679, 0.2720629356021496
0.855746993656463, 0.2685326241456599
0.8578365899940511, 0.2649536527615695
0.8599114965031399, 0.2613912047010626
0.8619777572987076, 0.257835048031619
0.86404597122629, 0.2542669830518465
0.8661028357719013, 0.2507100172924248
0.8681944400969512, 0.24708430275596321
0.8702454416849158, 0.24352047908662086
0.8722894754053608, 0.23996039644103356
0.8743523555789583, 0.23635902104230347
0.876401236128858, 0.23277366573682634
0.8784505042933648, 0.2291792379847931
0.8804625929719652, 0.22564185538799963
0.8825276763290261, 0.22200288906390897
0.88457462376096, 0.2183874677297133
0.8866033058561625, 0.21479604338059816
0.8886270384901085, 0.21120518413147094
0.8906765512622333, 0.207560237123739
0.8927276091198457, 0.20390413581339126
0.8947562214362474, 0.2002797725941111
0.8967374760861896, 0.19673207888278033
0.8987754021618051, 0.193074720781509
0.9007778253023297, 0.1894729913318167
0.9028063119149928, 0.18581620918921496
0.9048107797458483, 0.18219464602240684
0.9068164844987713, 0.1785628087084549
0.9088275254865177, 0.17491323484229818
0.9108211120869304, 0.17128735692645938
0.9128068048114806, 0.16766793834890803
0.9148136415010382, 0.16400197114834797
0.9167909587971359, 0.16038205404239075
0.9188102405925406, 0.15667724526079682
0.9207970961937253, 0.1530239735607415
0.9227784753557164, 0.14937291271415848
0.9247439615774067, 0.14574338380693072
0.9267586758672486, 0.14201493369479026
0.9287054421995372, 0.13840452038389495
0.930678619818235, 0.1347373944928284
0.9326486684764963, 0.13106831913377018
0.9346162039391724, 0.12739618082188586
0.936581860358827, 0.12371982191329117
0.9385677531523621, 0.11999777143085709
0.9405080820156192, 0.11635350444852165
0.942467328061966, 0.11266607124244918
0.9444161338770216, 0.10899067489406171
0.9463593419658598, 0.10531827636356679
0.9483360836404668, 0.10157475893318081
0.9502721394882425, 0.09790071983995091
0.9522111168874595, 0.09421362656094945
0.9541489384562513, 0.09052122224751373
0.9560894385658129, 0.08681619187847026
0.958033011496669, 0.08309774917952657
0.9600020359828718, 0.07932291229312817
0.9618945195280226, 0.07568750850737627
0.9638253456993908, 0.07197107110680105
0.9657586438940222, 0.0682424086749585
0.9676726760680348, 0.06454354335896934
0.9695985210888679, 0.06081445828544386
0.9715248593512129, 0.0570770011002344
0.9734377992452053, 0.05335819849325115
0.9753665026820872, 0.04960134534993432
0.9772597692149753, 0.04590628597868041
0.9791630149499339, 0.042184528139601406
0.9810684636448299, 0.038451208685325616
0.982986345886704, 0.03468619919053165
0.9848828083453585, 0.03095600876476199
0.9867628849005985, 0.02725095134555661
0.9886559418285631, 0.023513174258779537
0.9905876592855141, 0.019691678440014095
0.9924541838388004, 0.01599206694626731
0.9943489804400586, 0.012229294330563136
0.9962382549647291, 0.008470342001905
0.9981261478968998, 0.004707011078253579
1.0, 9.646236267213263E-4
0.7661334395056065, 0.4138050106838907
0.9638253456993908, 0.07197107110680105
0.3943012089047768, 0.8450839533768373
0.5098894193954993, 0.7406205727820308
0.9227784753557164, 0.14937291271415848
0.6484274798498422, 0.5802269745520604
0.5509190295388614, 0.6971170030310851
0.6135098941210653, 0.6242695336228138
