0.31622776601683794, 0.31622776601683794, 10.0
0.3220783132004154, 0.3220783132004154, 9.64
0.291111254869791, 0.37314876389986873, 9.205746178983235
0.296497120107809, 0.38005240957649017, 8.874339316539839
0.27116307227332026, 0.4300697617828995, 8.574929257125444
0.25482359571881275, 0.4869907596659304, 8.058229640253803
0.24112141108520607, 0.5439117575489612, 7.624928516630233
0.22941573387056174, 0.600832755431992, 7.254762501100117
0.2192645048267573, 0.6577537533150228, 6.933752452815363
0.21035158095583564, 0.7146747511980536, 6.651901052377394
0.19536616629114087, 0.8285167469641154, 6.178020632152155
0.18318582636182792, 0.942358742730177, 5.792844463634923
0.1730321350514957, 1.0562007384962386, 5.471756551645828
0.1569412051435861, 1.283884730028362, 4.962916669854651
0.14744195615489714, 1.4546477236774542, 4.662524041201569
0.13483997249264842, 1.7392527130926085, 4.264014327112209
0.12327841818038447, 2.0807787003907934, 3.898405877927252
0.11425773622475752, 2.4223046876889787, 3.6131468676496206
0.10696563746013954, 2.763830674987163, 3.382550457458692
0.1009123351677189, 3.1053566622853483, 3.191128231363014
0.1, 3.162277660168379, 3.162277660168379
0.1009123351677189, 3.191128231363014, 3.1053566622853483
0.10696563746013954, 3.382550457458692, 2.763830674987163
0.11425773622475752, 3.6131468676496206, 2.4223046876889787
0.12327841818038447, 3.898405877927252, 2.0807787003907934
0.13483997249264842, 4.264014327112209, 1.7392527130926085
0.14744195615489714, 4.662524041201569, 1.4546477236774542
0.1569412051435861, 4.962916669854651, 1.283884730028362
0.1730321350514957, 5.471756551645828, 1.0562007384962386
0.18318582636182792, 5.792844463634923, 0.942358742730177
0.19536616629114087, 6.178020632152155, 0.8285167469641154
0.21035158095583564, 6.651901052377394, 0.7146747511980536
0.2192645048267573, 6.933752452815363, 0.6577537533150228
0.22941573387056174, 7.254762501100117, 0.600832755431992
0.24112141108520607, 7.624928516630233, 0.5439117575489612
0.25482359571881275, 8.058229640253803, 0.4869907596659304
0.27116307227332026, 8.574929257125444, 0.4300697617828995
0.296497120107809, 8.874339316539839, 0.38005240957649017
0.291111254869791, 9.205746178983235, 0.37314876389986873
0.3220783132004154, 9.64, 0.3220783132004154
0.31622776601683794, 10.0, 0.31622776601683794
0.3220783132004154, 0.3220783132004154, 9.64
0.3282660821493064, 0.3282660821493064, 9.28
0.296497120107809, 0.38005240957649017, 8.874339316539839
0.27116307227332026, 0.4300697617828995, 8.574929257125444
0.25482359571881275, 0.4869907596659304, 8.058229640253803
0.25714844099820133, 0.49143374762990416, 7.913181506729234
0.24332124651543643, 0.5488740557944384, 7.48767980333089
0.2192645048267573, 0.6577537533150228, 6.933752452815363
0.21035158095583564, 0.7146747511980536, 6.651901052377394
0.202444082544729, 0.7715957490810845, 6.401843996644799
0.1889822365046136, 0.8854377448471461, 5.976143046671968
0.1730321350514957, 1.0562007384962386, 5.471756551645828
0.1643989873053573, 1.1700427342623, 5.198752449100364
0.1504142093990467, 1.3977267257944235, 4.756514941544941
0.13948208816291766, 1.6254107173265469, 4.410810913912309
0.1286712531637447, 1.910015706741701, 4.068942293855797
0.12003841844183591, 2.194620696156855, 3.7959480900056173
0.11166390612088835, 2.53614668345504, 3.5311227577322435
0.10482848367219183, 2.877672670753225, 3.3149677206589794
0.1, 3.162277660168379, 3.162277660168379
0.1, 3.162277660168379, 3.162277660168379
0.10482848367219183, 3.3149677206589794, 2.877672670753225
0.11166390612088835, 3.5311227577322435, 2.53614668345504
0.12003841844183591, 3.7959480900056173, 2.194620696156855
0.1286712531637447, 4.068942293855797, 1.910015706741701
0.13948208816291766, 4.410810913912309, 1.6254107173265469
0.1504142093990467, 4.756514941544941, 1.3977267257944235
0.1643989873053573, 5.198752449100364, 1.1700427342623
0.1730321350514957, 5.471756551645828, 1.0562007384962386
0.1889822365046136, 5.976143046671968, 0.8854377448471461
0.202444082544729, 6.401843996644799, 0.7715957490810845
0.21035158095583564, 6.651901052377394, 0.7146747511980536
0.2192645048267573, 6.933752452815363, 0.6577537533150228
0.24332124651543643, 7.48767980333089, 0.5488740557944384
0.25714844099820133, 7.913181506729234, 0.49143374762990416
0.25482359571881275, 8.058229640253803, 0.4869907596659304
0.27116307227332026, 8.574929257125444, 0.4300697617828995
0.296497120107809, 8.874339316539839, 0.38005240957649017
0.3282660821493064, 9.28, 0.3282660821493064
0.3220783132004154, 9.64, 0.3220783132004154
0.37314876389986873, 0.291111254869791, 9.205746178983235
0.38005240957649017, 0.296497120107809, 8.874339316539839
0.3417929635123316, 0.3417929635123316, 8.559999999999999
0.27617987509478537, 0.4380265059525649, 8.266231803868928
0.25714844099820133, 0.49143374762990416, 7.913181506729234
0.24332124651543643, 0.5488740557944384, 7.48767980333089
0.2315087742909433, 0.6063143639589726, 7.124176776080315
0.21035158095583564, 0.7146747511980536, 6.651901052377394
0.202444082544729, 0.7715957490810845, 6.401843996644799
0.1889822365046136, 0.8854377448471461, 5.976143046671968
0.177892016741205, 0.9992797406132079, 5.625439504630119
0.1685499656158105, 1.1131217363792694, 5.330017908890261
0.15357377920848778, 1.3408057279113927, 4.8564293117863215
0.14463921353509293, 1.511568721560485, 4.573893537463483
0.13483997249264842, 1.7392527130926085, 4.264014327112209
0.12500000000000003, 2.0238577025077626, 3.952847075210474
0.11562432251572007, 2.3653836898059475, 3.6563621206356536
0.10923906912979293, 2.6499886792211016, 3.454442679267334
0.10281451514408313, 2.9915146665192864, 3.2512804438117757
0.1, 3.162277660168379, 3.162277660168379
0.10281451514408313, 3.2512804438117757, 2.9915146665192864
0.10923906912979293, 3.454442679267334, 2.6499886792211016
0.11562432251572007, 3.6563621206356536, 2.3653836898059475
0.12500000000000003, 3.952847075210474, 2.0238577025077626
0.13483997249264842, 4.264014327112209, 1.7392527130926085
0.14463921353509293, 4.573893537463483, 1.511568721560485
0.15357377920848778, 4.8564293117863215, 1.3408057279113927
0.1685499656158105, 5.330017908890261, 1.1131217363792694
0.177892016741205, 5.625439504630119, 0.9992797406132079
0.1889822365046136, 5.976143046671968, 0.8854377448471461
0.202444082544729, 6.401843996644799, 0.7715957490810845
0.21035158095583564, 6.651901052377394, 0.7146747511980536
0.2315087742909433, 7.124176776080315, 0.6063143639589726
0.24332124651543643, 7.48767980333089, 0.5488740557944384
0.25714844099820133, 7.913181506729234, 0.49143374762990416
0.27617987509478537, 8.266231803868928, 0.4380265059525649
0.3417929635123316, 8.559999999999999, 0.3417929635123316
0.38005240957649017, 8.874339316539839, 0.296497120107809
0.37314876389986873, 9.205746178983235, 0.291111254869791
0.38005240957649017, 0.296497120107809, 8.874339316539839
0.4300697617828995, 0.27116307227332026, 8.574929257125444
0.4380265059525649, 0.27617987509478537, 8.266231803868928
0.3565882393094213, 0.3565882393094213, 7.864406779661016
0.26452434730655305, 0.5055297665099319, 7.478037106155528
0.22941573387056174, 0.600832755431992, 7.254762501100117
0.2212649320146165, 0.6637546721235069, 6.808944908664687
0.202444082544729, 0.7715957490810845, 6.401843996644799
0.19536616629114087, 0.8285167469641154, 6.178020632152155
0.18318582636182792, 0.942358742730177, 5.792844463634923
0.1685499656158105, 1.1131217363792694, 5.330017908890261
0.1605403247669839, 1.226963732145331, 5.076730825668095
0.14744195615489714, 1.4546477236774542, 4.662524041201569
0.13948208816291766, 1.6254107173265469, 4.410810913912309
0.1286712531637447, 1.910015706741701, 4.068942293855797
0.12003841844183591, 2.194620696156855, 3.7959480900056173
0.11293848786315641, 2.4792256855720094, 3.5714285714285716
0.10696563746013954, 2.763830674987163, 3.382550457458692
0.1009123351677189, 3.1053566622853483, 3.191128231363014
0.1009123351677189, 3.191128231363014, 3.1053566622853483
0.10696563746013954, 3.382550457458692, 2.763830674987163
0.11293848786315641, 3.5714285714285716, 2.4792256855720094
0.12003841844183591, 3.7959480900056173, 2.194620696156855
0.1286712531637447, 4.068942293855797, 1.910015706741701
0.13948208816291766, 4.410810913912309, 1.6254107173265469
0.14744195615489714, 4.662524041201569, 1.4546477236774542
0.1605403247669839, 5.076730825668095, 1.226963732145331
0.1685499656158105, 5.330017908890261, 1.1131217363792694
0.18318582636182792, 5.792844463634923, 0.942358742730177
0.19536616629114087, 6.178020632152155, 0.8285167469641154
0.202444082544729, 6.401843996644799, 0.7715957490810845
0.2212649320146165, 6.808944908664687, 0.6637546721235069
0.22941573387056174, 7.254762501100117, 0.600832755431992
0.26452434730655305, 7.478037106155528, 0.5055297665099319
0.3565882393094213, 7.864406779661016, 0.3565882393094213
0.4380265059525649, 8.266231803868928, 0.27617987509478537
0.4300697617828995, 8.574929257125444, 0.27116307227332026
0.38005240957649017, 8.874339316539839, 0.296497120107809
0.4300697617828995, 0.27116307227332026, 8.574929257125444
0.4869907596659304, 0.25482359571881275, 8.058229640253803
0.49143374762990416, 0.25714844099820133, 7.913181506729234
0.5055297665099319, 0.26452434730655305, 7.478037106155528
0.37476584449793077, 0.37476584449793077, 7.12
0.2897872455593813, 0.5099750465854315, 6.766620292093747
0.2122706924047484, 0.7211949802880411, 6.532166833434601
0.19536616629114087, 0.8285167469641154, 6.178020632152155
0.18318582636182792, 0.942358742730177, 5.792844463634923
0.1730321350514957, 1.0562007384962386, 5.471756551645828
0.1643989873053573, 1.1700427342623, 5.198752449100364
0.15357377920848778, 1.3408057279113927, 4.8564293117863215
0.1419904585617662, 1.5684897194435161, 4.490132550669372
0.1326862231085688, 1.7961737109756393, 4.195906791483446
0.12500000000000003, 2.0238577025077626, 3.952847075210474
0.11704114719613057, 2.3084626919229168, 3.7011660509880264
0.11043152607484653, 2.593067681338071, 3.4921514788478913
0.10482848367219183, 2.877672670753225, 3.3149677206589794
0.1, 3.162277660168379, 3.162277660168379
0.10482848367219183, 3.3149677206589794, 2.877672670753225
0.11043152607484653, 3.4921514788478913, 2.593067681338071
0.11704114719613057, 3.7011660509880264, 2.3084626919229168
0.12500000000000003, 3.952847075210474, 2.0238577025077626
0.1326862231085688, 4.195906791483446, 1.7961737109756393
0.1419904585617662, 4.490132550669372, 1.5684897194435161
0.15357377920848778, 4.8564293117863215, 1.3408057279113927
0.1643989873053573, 5.198752449100364, 1.1700427342623
0.1730321350514957, 5.471756551645828, 1.0562007384962386
0.18318582636182792, 5.792844463634923, 0.942358742730177
0.19536616629114087, 6.178020632152155, 0.8285167469641154
0.2122706924047484, 6.532166833434601, 0.7211949802880411
0.2897872455593813, 6.766620292093747, 0.5099750465854315
0.37476584449793077, 7.12, 0.37476584449793077
0.5055297665099319, 7.478037106155528, 0.26452434730655305
0.49143374762990416, 7.913181506729234, 0.25714844099820133
0.4869907596659304, 8.058229640253803, 0.25482359571881275
0.4300697617828995, 8.574929257125444, 0.27116307227332026
0.4869907596659304, 0.25482359571881275, 8.058229640253803
0.49143374762990416, 0.25714844099820133, 7.913181506729234
0.5488740557944384, 0.24332124651543643, 7.48767980333089
0.600832755431992, 0.22941573387056174, 7.254762501100117
0.5099750465854315, 0.2897872455593813, 6.766620292093747
0.39446977998657196, 0.39446977998657196, 6.4264705882352935
0.3043421242158056, 0.5355890963222555, 6.134881883080844
0.23952250400479955, 0.7185240772876056, 5.810484555459274
0.19617650642948264, 0.9191450300180579, 5.545860747311586
0.17008770622730165, 1.123277137439781, 5.234077586530236
0.1569412051435861, 1.283884730028362, 4.962916669854651
0.14744195615489714, 1.4546477236774542, 4.662524041201569
0.13710212427677043, 1.6823317152095778, 4.3355498476206
0.1286712531637447, 1.910015706741701, 4.068942293855797
0.12162606385262997, 2.137699698273824, 3.846153846153846
0.11425773622475752, 2.4223046876889787, 3.6131468676496206
0.10808442529177924, 2.7069096771041323, 3.4179296351233166
0.10281451514408313, 2.9915146665192864, 3.2512804438117757
0.10281451514408313, 3.2512804438117757, 2.9915146665192864
0.10808442529177924, 3.4179296351233166, 2.7069096771041323
0.11425773622475752, 3.6131468676496206, 2.4223046876889787
0.12162606385262997, 3.846153846153846, 2.137699698273824
0.1286712531637447, 4.068942293855797, 1.910015706741701
0.13710212427677043, 4.3355498476206, 1.6823317152095778
0.14744195615489714, 4.662524041201569, 1.4546477236774542
0.1569412051435861, 4.962916669854651, 1.283884730028362
0.17008770622730165, 5.234077586530236, 1.123277137439781
0.19617650642948264, 5.545860747311586, 0.9191450300180579
0.23952250400479955, 5.810484555459274, 0.7185240772876056
0.3043421242158056, 6.134881883080844, 0.5355890963222555
0.39446977998657196, 6.4264705882352935, 0.39446977998657196
0.5099750465854315, 6.766620292093747, 0.2897872455593813
0.600832755431992, 7.254762501100117, 0.22941573387056174
0.5488740557944384, 7.48767980333089, 0.24332124651543643
0.49143374762990416, 7.913181506729234, 0.25714844099820133
0.4869907596659304, 8.058229640253803, 0.25482359571881275
0.5439117575489612, 0.24112141108520607, 7.624928516630233
0.5488740557944384, 0.24332124651543643, 7.48767980333089
0.6063143639589726, 0.2315087742909433, 7.124176776080315
0.6637546721235069, 0.2212649320146165, 6.808944908664687
0.7211949802880411, 0.2122706924047484, 6.532166833434601
0.5355890963222555, 0.3043421242158056, 6.134881883080844
0.41779924966154675, 0.41779924966154675, 5.728813559322034
0.3125982516720721, 0.5912527648415467, 5.41053574600737
0.2570158416462745, 0.7592566023652966, 5.124500385567424
0.21790363641323798, 0.9549312171337047, 4.805774971266085
0.18519062206943157, 1.1819116947713515, 4.5687351170126655
0.16962899962543734, 1.3876794318600667, 4.24825666939558
0.1547142567751446, 1.6168591186652546, 3.9975829517430834
0.14276975954209098, 1.8415362080016688, 3.80350077978409
0.13907358449776375, 2.064429499614483, 3.483014603540562
0.13145883212012757, 2.310520433343362, 3.2923076923076917
0.12925032498419445, 2.5492705795589603, 3.0349561618101815
0.12755102040816327, 2.8000000000000003, 2.8000000000000003
0.12925032498419445, 3.0349561618101815, 2.5492705795589603
0.13145883212012757, 3.2923076923076917, 2.310520433343362
0.13907358449776375, 3.483014603540562, 2.064429499614483
0.14276975954209098, 3.80350077978409, 1.8415362080016688
0.1547142567751446, 3.9975829517430834, 1.6168591186652546
0.16962899962543734, 4.24825666939558, 1.3876794318600667
0.18519062206943157, 4.5687351170126655, 1.1819116947713515
0.21790363641323798, 4.805774971266085, 0.9549312171337047
0.2570158416462745, 5.124500385567424, 0.7592566023652966
0.3125982516720721, 5.41053574600737, 0.5912527648415467
0.41779924966154675, 5.728813559322034, 0.41779924966154675
0.5355890963222555, 6.134881883080844, 0.3043421242158056
0.7211949802880411, 6.532166833434601, 0.2122706924047484
0.6637546721235069, 6.808944908664687, 0.2212649320146165
0.6063143639589726, 7.124176776080315, 0.2315087742909433
0.5488740557944384, 7.48767980333089, 0.24332124651543643
0.5439117575489612, 7.624928516630233, 0.24112141108520607
0.600832755431992, 0.22941573387056174, 7.254762501100117
0.6577537533150228, 0.2192645048267573, 6.933752452815363
0.7146747511980536, 0.21035158095583564, 6.651901052377394
0.7715957490810845, 0.202444082544729, 6.401843996644799
0.8285167469641154, 0.19536616629114087, 6.178020632152155
0.7185240772876056, 0.23952250400479955, 5.810484555459274
0.5912527648415467, 0.3125982516720721, 5.41053574600737
0.44395431711455097, 0.44395431711455097, 5.0736842105263165
0.35464595991958875, 0.5992210840380428, 4.705631314646974
0.2900460935473569, 0.7807470203448273, 4.415934712649794
0.25171549972546176, 0.9687713714376105, 4.100801474941109
0.21681133918446008, 1.1934999751442694, 3.8645203069860634
0.1960035541098834, 1.4209354178712905, 3.590556078369128
0.18175799430005998, 1.6524000108276997, 3.3295940687911942
0.17404116168780084, 1.8521768482191727, 3.102169868623544
0.16853691928764658, 2.095902032159278, 2.8309615454038224
0.16414015601719512, 2.350542087126604, 2.5918933435987412
0.16414015601719512, 2.5918933435987412, 2.350542087126604
0.16853691928764658, 2.8309615454038224, 2.095902032159278
0.17404116168780084, 3.102169868623544, 1.8521768482191727
0.18175799430005998, 3.3295940687911942, 1.6524000108276997
0.1960035541098834, 3.590556078369128, 1.4209354178712905
0.21681133918446008, 3.8645203069860634, 1.1934999751442694
0.25171549972546176, 4.100801474941109, 0.9687713714376105
0.2900460935473569, 4.415934712649794, 0.7807470203448273
0.35464595991958875, 4.705631314646974, 0.5992210840380428
0.44395431711455097, 5.0736842105263165, 0.44395431711455097
0.5912527648415467, 5.41053574600737, 0.3125982516720721
0.7185240772876056, 5.810484555459274, 0.23952250400479955
0.8285167469641154, 6.178020632152155, 0.19536616629114087
0.7715957490810845, 6.401843996644799, 0.202444082544729
0.7146747511980536, 6.651901052377394, 0.21035158095583564
0.6577537533150228, 6.933752452815363, 0.2192645048267573
0.600832755431992, 7.254762501100117, 0.22941573387056174
0.6577537533150228, 0.2192645048267573, 6.933752452815363
0.7146747511980536, 0.21035158095583564, 6.651901052377394
0.7715957490810845, 0.202444082544729, 6.401843996644799
0.8285167469641154, 0.19536616629114087, 6.178020632152155
0.942358742730177, 0.18318582636182792, 5.792844463634923
0.9191450300180579, 0.19617650642948264, 5.545860747311586
0.7592566023652966, 0.2570158416462745, 5.124500385567424
0.5992210840380428, 0.35464595991958875, 4.705631314646974
0.47913670746019627, 0.47913670746019627, 4.3559322033898304
0.3930253183089118, 0.6364174273585267, 3.997950459253898
0.32616980371044235, 0.8224837874964313, 3.7275965549607193
0.286718271780963, 1.0154946310398951, 3.4345275004218747
0.2555416034347534, 1.2314047977765505, 3.1778803611927526
0.23723073283705087, 1.4480736491052801, 2.9109744854755806
0.2245086471568374, 1.6798838038170476, 2.6514759004021733
0.2169168999945597, 1.9158043206732709, 2.4063315343163825
0.21576763485477177, 2.152815687562543, 2.152815687562543
0.2169168999945597, 2.4063315343163825, 1.9158043206732709
0.2245086471568374, 2.6514759004021733, 1.6798838038170476
0.23723073283705087, 2.9109744854755806, 1.4480736491052801
0.2555416034347534, 3.1778803611927526, 1.2314047977765505
0.286718271780963, 3.4345275004218747, 1.0154946310398951
0.32616980371044235, 3.7275965549607193, 0.8224837874964313
0.3930253183089118, 3.997950459253898, 0.6364174273585267
0.47913670746019627, 4.3559322033898304, 0.47913670746019627
0.5992210840380428, 4.705631314646974, 0.35464595991958875
0.7592566023652966, 5.124500385567424, 0.2570158416462745
0.9191450300180579, 5.545860747311586, 0.19617650642948264
0.942358742730177, 5.792844463634923, 0.18318582636182792
0.8285167469641154, 6.178020632152155, 0.19536616629114087
0.7715957490810845, 6.401843996644799, 0.202444082544729
0.7146747511980536, 6.651901052377394, 0.21035158095583564
0.6577537533150228, 6.933752452815363, 0.2192645048267573
0.7146747511980536, 0.21035158095583564, 6.651901052377394
0.7715957490810845, 0.202444082544729, 6.401843996644799
0.8854377448471461, 0.1889822365046136, 5.976143046671968
0.942358742730177, 0.18318582636182792, 5.792844463634923
1.0562007384962386, 0.1730321350514957, 5.471756551645828
1.123277137439781, 0.17008770622730165, 5.234077586530236
0.9549312171337047, 0.21790363641323798, 4.805774971266085
0.7807470203448273, 0.2900460935473569, 4.415934712649794
0.6364174273585267, 0.3930253183089118, 3.997950459253898
0.5213292935996837, 0.5213292935996837, 3.6793893129770994
0.4460271347860303, 0.6717864949449451, 3.337393767584138
0.3781387238032284, 0.866194056684142, 3.053048098376289
0.34070318958173695, 1.0642284096995078, 2.757966282245038
0.3094845227828094, 1.292179064001405, 2.500566247147714
0.2993552689088647, 1.4965048337901392, 2.2322095895335288
0.29092645579991977, 1.734633756522589, 1.9815680449651076
0.29092645579991977, 1.9815680449651076, 1.734633756522589
0.2993552689088647, 2.2322095895335288, 1.4965048337901392
0.3094845227828094, 2.500566247147714, 1.292179064001405
0.34070318958173695, 2.757966282245038, 1.0642284096995078
0.3781387238032284, 3.053048098376289, 0.866194056684142
0.4460271347860303, 3.337393767584138, 0.6717864949449451
0.5213292935996837, 3.6793893129770994, 0.5213292935996837
0.6364174273585267, 3.997950459253898, 0.3930253183089118
0.7807470203448273, 4.415934712649794, 0.2900460935473569
0.9549312171337047, 4.805774971266085, 0.21790363641323798
1.123277137439781, 5.234077586530236, 0.17008770622730165
1.0562007384962386, 5.471756551645828, 0.1730321350514957
0.942358742730177, 5.792844463634923, 0.18318582636182792
0.8854377448471461, 5.976143046671968, 0.1889822365046136
0.7715957490810845, 6.401843996644799, 0.202444082544729
0.7146747511980536, 6.651901052377394, 0.21035158095583564
0.8285167469641154, 0.19536616629114087, 6.178020632152155
0.8854377448471461, 0.1889822365046136, 5.976143046671968
0.9992797406132079, 0.177892016741205, 5.625439504630119
1.1131217363792694, 0.1685499656158105, 5.330017908890261
1.1700427342623, 0.1643989873053573, 5.198752449100364
1.283884730028362, 0.1569412051435861, 4.962916669854651
1.1819116947713515, 0.18519062206943157, 4.5687351170126655
0.9687713714376105, 0.25171549972546176, 4.100801474941109
0.8224837874964313, 0.32616980371044235, 3.7275965549607193
0.6717864949449451, 0.4460271347860303, 3.337393767584138
0.5779273310719956, 0.5779273310719956, 2.9940119760479043
0.5015101246442114, 0.7450799854206164, 2.676192797172092
0.44891798632363955, 0.9312816822643961, 2.391949096392325
0.41550645601579667, 1.1489388539073468, 2.094716760125963
0.39664294632539393, 1.3641034039429594, 1.848217048153317
0.3901869158878505, 1.6008979516187174, 1.6008979516187174
0.39664294632539393, 1.848217048153317, 1.3641034039429594
0.41550645601579667, 2.094716760125963, 1.1489388539073468
0.44891798632363955, 2.391949096392325, 0.9312816822643961
0.5015101246442114, 2.676192797172092, 0.7450799854206164
0.5779273310719956, 2.9940119760479043, 0.5779273310719956
0.6717864949449451, 3.337393767584138, 0.4460271347860303
0.8224837874964313, 3.7275965549607193, 0.32616980371044235
0.9687713714376105, 4.100801474941109, 0.25171549972546176
1.1819116947713515, 4.5687351170126655, 0.18519062206943157
1.283884730028362, 4.962916669854651, 0.1569412051435861
1.1700427342623, 5.198752449100364, 0.1643989873053573
1.1131217363792694, 5.330017908890261, 0.1685499656158105
0.9992797406132079, 5.625439504630119, 0.177892016741205
0.8854377448471461, 5.976143046671968, 0.1889822365046136
0.8285167469641154, 6.178020632152155, 0.19536616629114087
0.942358742730177, 0.18318582636182792, 5.792844463634923
1.0562007384962386, 0.1730321350514957, 5.471756551645828
1.1131217363792694, 0.1685499656158105, 5.330017908890261
1.226963732145331, 0.1605403247669839, 5.076730825668095
1.3408057279113927, 0.15357377920848778, 4.8564293117863215
1.4546477236774542, 0.14744195615489714, 4.662524041201569
1.3876794318600667, 0.16962899962543734, 4.24825666939558
1.1934999751442694, 0.21681133918446008, 3.8645203069860634
1.0154946310398951, 0.286718271780963, 3.4345275004218747
0.866194056684142, 0.3781387238032284, 3.053048098376289
0.7450799854206164, 0.5015101246442114, 2.676192797172092
0.6527023886606095, 0.6527023886606095, 2.3473053892215567
0.5899248796553368, 0.8315218406203, 2.038588765750502
0.5475331324407062, 1.035611928941708, 1.7635693860189705
0.5262020035057134, 1.2610180395006687, 1.507044940389002
0.5262020035057134, 1.507044940389002, 1.2610180395006687
0.5475331324407062, 1.7635693860189705, 1.035611928941708
0.5899248796553368, 2.038588765750502, 0.8315218406203
0.6527023886606095, 2.3473053892215567, 0.6527023886606095
0.7450799854206164, 2.676192797172092, 0.5015101246442114
0.866194056684142, 3.053048098376289, 0.3781387238032284
1.0154946310398951, 3.4345275004218747, 0.286718271780963
1.1934999751442694, 3.8645203069860634, 0.21681133918446008
1.3876794318600667, 4.24825666939558, 0.16962899962543734
1.4546477236774542, 4.662524041201569, 0.14744195615489714
1.3408057279113927, 4.8564293117863215, 0.15357377920848778
1.226963732145331, 5.076730825668095, 0.1605403247669839
1.1131217363792694, 5.330017908890261, 0.1685499656158105
1.0562007384962386, 5.471756551645828, 0.1730321350514957
0.942358742730177, 5.792844463634923, 0.18318582636182792
1.0562007384962386, 0.1730321350514957, 5.471756551645828
1.1700427342623, 0.1643989873053573, 5.198752449100364
1.3408057279113927, 0.15357377920848778, 4.8564293117863215
1.4546477236774542, 0.14744195615489714, 4.662524041201569
1.5684897194435161, 0.1419904585617662, 4.490132550669372
1.6823317152095778, 0.13710212427677043, 4.3355498476206
1.6168591186652546, 0.1547142567751446, 3.9975829517430834
1.4209354178712905, 0.1960035541098834, 3.590556078369128
1.2314047977765505, 0.2555416034347534, 3.1778803611927526
1.0642284096995078, 0.34070318958173695, 2.757966282245038
0.9312816822643961, 0.44891798632363955, 2.391949096392325
0.8315218406203, 0.5899248796553368, 2.038588765750502
0.7605336319291315, 0.7605336319291315, 1.7288732394366197
0.718666885232185, 0.9631567753184267, 1.4446923799488325
0.7056074766355142, 1.1904698833008576, 1.1904698833008576
0.718666885232185, 1.4446923799488325, 0.9631567753184267
0.7605336319291315, 1.7288732394366197, 0.7605336319291315
0.8315218406203, 2.038588765750502, 0.5899248796553368
0.9312816822643961, 2.391949096392325, 0.44891798632363955
1.0642284096995078, 2.757966282245038, 0.34070318958173695
1.2314047977765505, 3.1778803611927526, 0.2555416034347534
1.4209354178712905, 3.590556078369128, 0.1960035541098834
1.6168591186652546, 3.9975829517430834, 0.1547142567751446
1.6823317152095778, 4.3355498476206, 0.13710212427677043
1.5684897194435161, 4.490132550669372, 0.1419904585617662
1.4546477236774542, 4.662524041201569, 0.14744195615489714
1.3408057279113927, 4.8564293117863215, 0.15357377920848778
1.1700427342623, 5.198752449100364, 0.1643989873053573
1.0562007384962386, 5.471756551645828, 0.1730321350514957
1.283884730028362, 0.1569412051435861, 4.962916669854651
1.3977267257944235, 0.1504142093990467, 4.756514941544941
1.511568721560485, 0.14463921353509293, 4.573893537463483
1.6254107173265469, 0.13948208816291766, 4.410810913912309
1.7961737109756393, 0.1326862231085688, 4.195906791483446
1.910015706741701, 0.1286712531637447, 4.068942293855797
1.8415362080016688, 0.14276975954209098, 3.80350077978409
1.6524000108276997, 0.18175799430005998, 3.3295940687911942
1.4480736491052801, 0.23723073283705087, 2.9109744854755806
1.292179064001405, 0.3094845227828094, 2.500566247147714
1.1489388539073468, 0.41550645601579667, 2.094716760125963
1.035611928941708, 0.5475331324407062, 1.7635693860189705
0.9631567753184267, 0.718666885232185, 1.4446923799488325
0.9252026804976301, 0.9252026804976301, 1.1682242990654208
0.9252026804976301, 1.1682242990654208, 0.9252026804976301
0.9631567753184267, 1.4446923799488325, 0.718666885232185
1.035611928941708, 1.7635693860189705, 0.5475331324407062
1.1489388539073468, 2.094716760125963, 0.41550645601579667
1.292179064001405, 2.500566247147714, 0.3094845227828094
1.4480736491052801, 2.9109744854755806, 0.23723073283705087
1.6524000108276997, 3.3295940687911942, 0.18175799430005998
1.8415362080016688, 3.80350077978409, 0.14276975954209098
1.910015706741701, 4.068942293855797, 0.1286712531637447
1.7961737109756393, 4.195906791483446, 0.1326862231085688
1.6254107173265469, 4.410810913912309, 0.13948208816291766
1.511568721560485, 4.573893537463483, 0.14463921353509293
1.3977267257944235, 4.756514941544941, 0.1504142093990467
1.283884730028362, 4.962916669854651, 0.1569412051435861
1.4546477236774542, 0.14744195615489714, 4.662524041201569
1.6254107173265469, 0.13948208816291766, 4.410810913912309
1.7392527130926085, 0.13483997249264842, 4.264014327112209
1.910015706741701, 0.1286712531637447, 4.068942293855797
2.0238577025077626, 0.12500000000000003, 3.952847075210474
2.137699698273824, 0.12162606385262997, 3.846153846153846
2.064429499614483, 0.13907358449776375, 3.483014603540562
1.8521768482191727, 0.17404116168780084, 3.102169868623544
1.6798838038170476, 0.2245086471568374, 2.6514759004021733
1.4965048337901392, 0.2993552689088647, 2.2322095895335288
1.3641034039429594, 0.39664294632539393, 1.848217048153317
1.2610180395006687, 0.5262020035057134, 1.507044940389002
1.1904698833008576, 0.7056074766355142, 1.1904698833008576
1.1682242990654208, 0.9252026804976301, 0.9252026804976301
1.1904698833008576, 1.1904698833008576, 0.7056074766355142
1.2610180395006687, 1.507044940389002, 0.5262020035057134
1.3641034039429594, 1.848217048153317, 0.39664294632539393
1.4965048337901392, 2.2322095895335288, 0.2993552689088647
1.6798838038170476, 2.6514759004021733, 0.2245086471568374
1.8521768482191727, 3.102169868623544, 0.17404116168780084
2.064429499614483, 3.483014603540562, 0.13907358449776375
2.137699698273824, 3.846153846153846, 0.12162606385262997
2.0238577025077626, 3.952847075210474, 0.12500000000000003
1.910015706741701, 4.068942293855797, 0.1286712531637447
1.7392527130926085, 4.264014327112209, 0.13483997249264842
1.6254107173265469, 4.410810913912309, 0.13948208816291766
1.4546477236774542, 4.662524041201569, 0.14744195615489714
1.7392527130926085, 0.13483997249264842, 4.264014327112209
1.910015706741701, 0.1286712531637447, 4.068942293855797
2.0238577025077626, 0.12500000000000003, 3.952847075210474
2.194620696156855, 0.12003841844183591, 3.7959480900056173
2.3084626919229168, 0.11704114719613057, 3.7011660509880264
2.4223046876889787, 0.11425773622475752, 3.6131468676496206
2.310520433343362, 0.13145883212012757, 3.2923076923076917
2.095902032159278, 0.16853691928764658, 2.8309615454038224
1.9158043206732709, 0.2169168999945597, 2.4063315343163825
1.734633756522589, 0.29092645579991977, 1.9815680449651076
1.6008979516187174, 0.3901869158878505, 1.6008979516187174
1.507044940389002, 0.5262020035057134, 1.2610180395006687
1.4446923799488325, 0.718666885232185, 0.9631567753184267
1.4446923799488325, 0.9631567753184267, 0.718666885232185
1.507044940389002, 1.2610180395006687, 0.5262020035057134
1.6008979516187174, 1.6008979516187174, 0.3901869158878505
1.734633756522589, 1.9815680449651076, 0.29092645579991977
1.9158043206732709, 2.4063315343163825, 0.2169168999945597
2.095902032159278, 2.8309615454038224, 0.16853691928764658
2.310520433343362, 3.2923076923076917, 0.13145883212012757
2.4223046876889787, 3.6131468676496206, 0.11425773622475752
2.3084626919229168, 3.7011660509880264, 0.11704114719613057
2.194620696156855, 3.7959480900056173, 0.12003841844183591
2.0238577025077626, 3.952847075210474, 0.12500000000000003
1.910015706741701, 4.068942293855797, 0.1286712531637447
1.7392527130926085, 4.264014327112209, 0.13483997249264842
2.0807787003907934, 0.12327841818038447, 3.898405877927252
2.194620696156855, 0.12003841844183591, 3.7959480900056173
2.3653836898059475, 0.11562432251572007, 3.6563621206356536
2.4792256855720094, 0.11293848786315641, 3.5714285714285716
2.593067681338071, 0.11043152607484653, 3.4921514788478913
2.7069096771041323, 0.10808442529177924, 3.4179296351233166
2.5492705795589603, 0.12925032498419445, 3.0349561618101815
2.350542087126604, 0.16414015601719512, 2.5918933435987412
2.152815687562543, 0.21576763485477177, 2.152815687562543
1.9815680449651076, 0.29092645579991977, 1.734633756522589
1.848217048153317, 0.39664294632539393, 1.3641034039429594
1.7635693860189705, 0.5475331324407062, 1.035611928941708
1.7288732394366197, 0.7605336319291315, 0.7605336319291315
1.7635693860189705, 1.035611928941708, 0.5475331324407062
1.848217048153317, 1.3641034039429594, 0.39664294632539393
1.9815680449651076, 1.734633756522589, 0.29092645579991977
2.152815687562543, 2.152815687562543, 0.21576763485477177
2.350542087126604, 2.5918933435987412, 0.16414015601719512
2.5492705795589603, 3.0349561618101815, 0.12925032498419445
2.7069096771041323, 3.4179296351233166, 0.10808442529177924
2.593067681338071, 3.4921514788478913, 0.11043152607484653
2.4792256855720094, 3.5714285714285716, 0.11293848786315641
2.3653836898059475, 3.6563621206356536, 0.11562432251572007
2.194620696156855, 3.7959480900056173, 0.12003841844183591
2.0807787003907934, 3.898405877927252, 0.12327841818038447
2.4223046876889787, 0.11425773622475752, 3.6131468676496206
2.53614668345504, 0.11166390612088835, 3.5311227577322435
2.6499886792211016, 0.10923906912979293, 3.454442679267334
2.763830674987163, 0.10696563746013954, 3.382550457458692
2.877672670753225, 0.10482848367219183, 3.3149677206589794
2.9915146665192864, 0.10281451514408313, 3.2512804438117757
2.8000000000000003, 0.12755102040816327, 2.8000000000000003
2.5918933435987412, 0.16414015601719512, 2.350542087126604
2.4063315343163825, 0.2169168999945597, 1.9158043206732709
2.2322095895335288, 0.2993552689088647, 1.4965048337901392
2.094716760125963, 0.41550645601579667, 1.1489388539073468
2.038588765750502, 0.5899248796553368, 0.8315218406203
2.038588765750502, 0.8315218406203, 0.5899248796553368
2.094716760125963, 1.1489388539073468, 0.41550645601579667
2.2322095895335288, 1.4965048337901392, 0.2993552689088647
2.4063315343163825, 1.9158043206732709, 0.2169168999945597
2.5918933435987412, 2.350542087126604, 0.16414015601719512
2.8000000000000003, 2.8000000000000003, 0.12755102040816327
2.9915146665192864, 3.2512804438117757, 0.10281451514408313
2.877672670753225, 3.3149677206589794, 0.10482848367219183
2.763830674987163, 3.382550457458692, 0.10696563746013954
2.6499886792211016, 3.454442679267334, 0.10923906912979293
2.53614668345504, 3.5311227577322435, 0.11166390612088835
2.4223046876889787, 3.6131468676496206, 0.11425773622475752
2.763830674987163, 0.10696563746013954, 3.382550457458692
2.877672670753225, 0.10482848367219183, 3.3149677206589794
2.9915146665192864, 0.10281451514408313, 3.2512804438117757
3.1053566622853483, 0.1009123351677189, 3.191128231363014
3.162277660168379, 0.1, 3.162277660168379
3.2512804438117757, 0.10281451514408313, 2.9915146665192864
3.0349561618101815, 0.12925032498419445, 2.5492705795589603
2.8309615454038224, 0.16853691928764658, 2.095902032159278
2.6514759004021733, 0.2245086471568374, 1.6798838038170476
2.500566247147714, 0.3094845227828094, 1.292179064001405
2.391949096392325, 0.44891798632363955, 0.9312816822643961
2.3473053892215567, 0.6527023886606095, 0.6527023886606095
2.391949096392325, 0.9312816822643961, 0.44891798632363955
2.500566247147714, 1.292179064001405, 0.3094845227828094
2.6514759004021733, 1.6798838038170476, 0.2245086471568374
2.8309615454038224, 2.095902032159278, 0.16853691928764658
3.0349561618101815, 2.5492705795589603, 0.12925032498419445
3.2512804438117757, 2.9915146665192864, 0.10281451514408313
3.162277660168379, 3.162277660168379, 0.1
3.1053566622853483, 3.191128231363014, 0.1009123351677189
2.9915146665192864, 3.2512804438117757, 0.10281451514408313
2.877672670753225, 3.3149677206589794, 0.10482848367219183
2.763830674987163, 3.382550457458692, 0.10696563746013954
3.1053566622853483, 0.1009123351677189, 3.191128231363014
3.162277660168379, 0.1, 3.162277660168379
3.162277660168379, 0.1, 3.162277660168379
3.191128231363014, 0.1009123351677189, 3.1053566622853483
3.3149677206589794, 0.10482848367219183, 2.877672670753225
3.4179296351233166, 0.10808442529177924, 2.7069096771041323
3.2923076923076917, 0.13145883212012757, 2.310520433343362
3.102169868623544, 0.17404116168780084, 1.8521768482191727
2.9109744854755806, 0.23723073283705087, 1.4480736491052801
2.757966282245038, 0.34070318958173695, 1.0642284096995078
2.676192797172092, 0.5015101246442114, 0.7450799854206164
2.676192797172092, 0.7450799854206164, 0.5015101246442114
2.757966282245038, 1.0642284096995078, 0.34070318958173695
2.9109744854755806, 1.4480736491052801, 0.23723073283705087
3.102169868623544, 1.8521768482191727, 0.17404116168780084
3.2923076923076917, 2.310520433343362, 0.13145883212012757
3.4179296351233166, 2.7069096771041323, 0.10808442529177924
3.3149677206589794, 2.877672670753225, 0.10482848367219183
3.191128231363014, 3.1053566622853483, 0.1009123351677189
3.162277660168379, 3.162277660168379, 0.1
3.162277660168379, 3.162277660168379, 0.1
3.1053566622853483, 3.191128231363014, 0.1009123351677189
3.162277660168379, 0.1, 3.162277660168379
3.162277660168379, 0.1, 3.162277660168379
3.2512804438117757, 0.10281451514408313, 2.9915146665192864
3.382550457458692, 0.10696563746013954, 2.763830674987163
3.4921514788478913, 0.11043152607484653, 2.593067681338071
3.6131468676496206, 0.11425773622475752, 2.4223046876889787
3.483014603540562, 0.13907358449776375, 2.064429499614483
3.3295940687911942, 0.18175799430005998, 1.6524000108276997
3.1778803611927526, 0.2555416034347534, 1.2314047977765505
3.053048098376289, 0.3781387238032284, 0.866194056684142
2.9940119760479043, 0.5779273310719956, 0.5779273310719956
3.053048098376289, 0.866194056684142, 0.3781387238032284
3.1778803611927526, 1.2314047977765505, 0.2555416034347534
3.3295940687911942, 1.6524000108276997, 0.18175799430005998
3.483014603540562, 2.064429499614483, 0.13907358449776375
3.6131468676496206, 2.4223046876889787, 0.11425773622475752
3.4921514788478913, 2.593067681338071, 0.11043152607484653
3.382550457458692, 2.763830674987163, 0.10696563746013954
3.2512804438117757, 2.9915146665192864, 0.10281451514408313
3.162277660168379, 3.162277660168379, 0.1
3.162277660168379, 3.162277660168379, 0.1
3.191128231363014, 0.1009123351677189, 3.1053566622853483
3.3149677206589794, 0.10482848367219183, 2.877672670753225
3.454442679267334, 0.10923906912979293, 2.6499886792211016
3.5714285714285716, 0.11293848786315641, 2.4792256855720094
3.7011660509880264, 0.11704114719613057, 2.3084626919229168
3.846153846153846, 0.12162606385262997, 2.137699698273824
3.80350077978409, 0.14276975954209098, 1.8415362080016688
3.590556078369128, 0.1960035541098834, 1.4209354178712905
3.4345275004218747, 0.286718271780963, 1.0154946310398951
3.337393767584138, 0.4460271347860303, 0.6717864949449451
3.337393767584138, 0.6717864949449451, 0.4460271347860303
3.4345275004218747, 1.0154946310398951, 0.286718271780963
3.590556078369128, 1.4209354178712905, 0.1960035541098834
3.80350077978409, 1.8415362080016688, 0.14276975954209098
3.846153846153846, 2.137699698273824, 0.12162606385262997
3.7011660509880264, 2.3084626919229168, 0.11704114719613057
3.5714285714285716, 2.4792256855720094, 0.11293848786315641
3.454442679267334, 2.6499886792211016, 0.10923906912979293
3.3149677206589794, 2.877672670753225, 0.10482848367219183
3.191128231363014, 3.1053566622853483, 0.1009123351677189
3.382550457458692, 0.10696563746013954, 2.763830674987163
3.5311227577322435, 0.11166390612088835, 2.53614668345504
3.6563621206356536, 0.11562432251572007, 2.3653836898059475
3.7959480900056173, 0.12003841844183591, 2.194620696156855
3.952847075210474, 0.12500000000000003, 2.0238577025077626
4.068942293855797, 0.1286712531637447, 1.910015706741701
3.9975829517430834, 0.1547142567751446, 1.6168591186652546
3.8645203069860634, 0.21681133918446008, 1.1934999751442694
3.7275965549607193, 0.32616980371044235, 0.8224837874964313
3.6793893129770994, 0.5213292935996837, 0.5213292935996837
3.7275965549607193, 0.8224837874964313, 0.32616980371044235
3.8645203069860634, 1.1934999751442694, 0.21681133918446008
3.9975829517430834, 1.6168591186652546, 0.1547142567751446
4.068942293855797, 1.910015706741701, 0.1286712531637447
3.952847075210474, 2.0238577025077626, 0.12500000000000003
3.7959480900056173, 2.194620696156855, 0.12003841844183591
3.6563621206356536, 2.3653836898059475, 0.11562432251572007
3.5311227577322435, 2.53614668345504, 0.11166390612088835
3.382550457458692, 2.763830674987163, 0.10696563746013954
3.6131468676496206, 0.11425773622475752, 2.4223046876889787
3.7959480900056173, 0.12003841844183591, 2.194620696156855
3.952847075210474, 0.12500000000000003, 2.0238577025077626
4.068942293855797, 0.1286712531637447, 1.910015706741701
4.195906791483446, 0.1326862231085688, 1.7961737109756393
4.3355498476206, 0.13710212427677043, 1.6823317152095778
4.24825666939558, 0.16962899962543734, 1.3876794318600667
4.100801474941109, 0.25171549972546176, 0.9687713714376105
3.997950459253898, 0.3930253183089118, 0.6364174273585267
3.997950459253898, 0.6364174273585267, 0.3930253183089118
4.100801474941109, 0.9687713714376105, 0.25171549972546176
4.24825666939558, 1.3876794318600667, 0.16962899962543734
4.3355498476206, 1.6823317152095778, 0.13710212427677043
4.195906791483446, 1.7961737109756393, 0.1326862231085688
4.068942293855797, 1.910015706741701, 0.1286712531637447
3.952847075210474, 2.0238577025077626, 0.12500000000000003
3.7959480900056173, 2.194620696156855, 0.12003841844183591
3.6131468676496206, 2.4223046876889787, 0.11425773622475752
3.898405877927252, 0.12327841818038447, 2.0807787003907934
4.068942293855797, 0.1286712531637447, 1.910015706741701
4.264014327112209, 0.13483997249264842, 1.7392527130926085
4.410810913912309, 0.13948208816291766, 1.6254107173265469
4.490132550669372, 0.1419904585617662, 1.5684897194435161
4.662524041201569, 0.14744195615489714, 1.4546477236774542
4.5687351170126655, 0.18519062206943157, 1.1819116947713515
4.415934712649794, 0.2900460935473569, 0.7807470203448273
4.3559322033898304, 0.47913670746019627, 0.47913670746019627
4.415934712649794, 0.7807470203448273, 0.2900460935473569
4.5687351170126655, 1.1819116947713515, 0.18519062206943157
4.662524041201569, 1.4546477236774542, 0.14744195615489714
4.490132550669372, 1.5684897194435161, 0.1419904585617662
4.410810913912309, 1.6254107173265469, 0.13948208816291766
4.264014327112209, 1.7392527130926085, 0.13483997249264842
4.068942293855797, 1.910015706741701, 0.1286712531637447
3.898405877927252, 2.0807787003907934, 0.12327841818038447
4.264014327112209, 0.13483997249264842, 1.7392527130926085
4.410810913912309, 0.13948208816291766, 1.6254107173265469
4.573893537463483, 0.14463921353509293, 1.511568721560485
4.662524041201569, 0.14744195615489714, 1.4546477236774542
4.8564293117863215, 0.15357377920848778, 1.3408057279113927
4.962916669854651, 0.1569412051435861, 1.283884730028362
4.805774971266085, 0.21790363641323798, 0.9549312171337047
4.705631314646974, 0.35464595991958875, 0.5992210840380428
4.705631314646974, 0.5992210840380428, 0.35464595991958875
4.805774971266085, 0.9549312171337047, 0.21790363641323798
4.962916669854651, 1.283884730028362, 0.1569412051435861
4.8564293117863215, 1.3408057279113927, 0.15357377920848778
4.662524041201569, 1.4546477236774542, 0.14744195615489714
4.573893537463483, 1.511568721560485, 0.14463921353509293
4.410810913912309, 1.6254107173265469, 0.13948208816291766
4.264014327112209, 1.7392527130926085, 0.13483997249264842
4.662524041201569, 0.14744195615489714, 1.4546477236774542
4.756514941544941, 0.1504142093990467, 1.3977267257944235
4.8564293117863215, 0.15357377920848778, 1.3408057279113927
5.076730825668095, 0.1605403247669839, 1.226963732145331
5.198752449100364, 0.1643989873053573, 1.1700427342623
5.234077586530236, 0.17008770622730165, 1.123277137439781
5.124500385567424, 0.2570158416462745, 0.7592566023652966
5.0736842105263165, 0.44395431711455097, 0.44395431711455097
5.124500385567424, 0.7592566023652966, 0.2570158416462745
5.234077586530236, 1.123277137439781, 0.17008770622730165
5.198752449100364, 1.1700427342623, 0.1643989873053573
5.076730825668095, 1.226963732145331, 0.1605403247669839
4.8564293117863215, 1.3408057279113927, 0.15357377920848778
4.756514941544941, 1.3977267257944235, 0.1504142093990467
4.662524041201569, 1.4546477236774542, 0.14744195615489714
4.962916669854651, 0.1569412051435861, 1.283884730028362
5.198752449100364, 0.1643989873053573, 1.1700427342623
5.330017908890261, 0.1685499656158105, 1.1131217363792694
5.330017908890261, 0.1685499656158105, 1.1131217363792694
5.471756551645828, 0.1730321350514957, 1.0562007384962386
5.545860747311586, 0.19617650642948264, 0.9191450300180579
5.41053574600737, 0.3125982516720721, 0.5912527648415467
5.41053574600737, 0.5912527648415467, 0.3125982516720721
5.545860747311586, 0.9191450300180579, 0.19617650642948264
5.471756551645828, 1.0562007384962386, 0.1730321350514957
5.330017908890261, 1.1131217363792694, 0.1685499656158105
5.330017908890261, 1.1131217363792694, 0.1685499656158105
5.198752449100364, 1.1700427342623, 0.1643989873053573
4.962916669854651, 1.283884730028362, 0.1569412051435861
5.471756551645828, 0.1730321350514957, 1.0562007384962386
5.471756551645828, 0.1730321350514957, 1.0562007384962386
5.625439504630119, 0.177892016741205, 0.9992797406132079
5.792844463634923, 0.18318582636182792, 0.942358742730177
5.792844463634923, 0.18318582636182792, 0.942358742730177
5.810484555459274, 0.23952250400479955, 0.7185240772876056
5.728813559322034, 0.41779924966154675, 0.41779924966154675
5.810484555459274, 0.7185240772876056, 0.23952250400479955
5.792844463634923, 0.942358742730177, 0.18318582636182792
5.792844463634923, 0.942358742730177, 0.18318582636182792
5.625439504630119, 0.9992797406132079, 0.177892016741205
5.471756551645828, 1.0562007384962386, 0.1730321350514957
5.471756551645828, 1.0562007384962386, 0.1730321350514957
5.792844463634923, 0.18318582636182792, 0.942358742730177
5.976143046671968, 0.1889822365046136, 0.8854377448471461
5.976143046671968, 0.1889822365046136, 0.8854377448471461
6.178020632152155, 0.19536616629114087, 0.8285167469641154
6.178020632152155, 0.19536616629114087, 0.8285167469641154
6.134881883080844, 0.3043421242158056, 0.5355890963222555
6.134881883080844, 0.5355890963222555, 0.3043421242158056
6.178020632152155, 0.8285167469641154, 0.19536616629114087
6.178020632152155, 0.8285167469641154, 0.19536616629114087
5.976143046671968, 0.8854377448471461, 0.1889822365046136
5.976143046671968, 0.8854377448471461, 0.1889822365046136
5.792844463634923, 0.942358742730177, 0.18318582636182792
6.178020632152155, 0.19536616629114087, 0.8285167469641154
6.401843996644799, 0.202444082544729, 0.7715957490810845
6.401843996644799, 0.202444082544729, 0.7715957490810845
6.401843996644799, 0.202444082544729, 0.7715957490810845
6.532166833434601, 0.2122706924047484, 0.7211949802880411
6.4264705882352935, 0.39446977998657196, 0.39446977998657196
6.532166833434601, 0.7211949802880411, 0.2122706924047484
6.401843996644799, 0.7715957490810845, 0.202444082544729
6.401843996644799, 0.7715957490810845, 0.202444082544729
6.401843996644799, 0.7715957490810845, 0.202444082544729
6.178020632152155, 0.8285167469641154, 0.19536616629114087
6.651901052377394, 0.21035158095583564, 0.7146747511980536
6.651901052377394, 0.21035158095583564, 0.7146747511980536
6.651901052377394, 0.21035158095583564, 0.7146747511980536
6.808944908664687, 0.2212649320146165, 0.6637546721235069
6.766620292093747, 0.2897872455593813, 0.5099750465854315
6.766620292093747, 0.5099750465854315, 0.2897872455593813
6.808944908664687, 0.6637546721235069, 0.2212649320146165
6.651901052377394, 0.7146747511980536, 0.21035158095583564
6.651901052377394, 0.7146747511980536, 0.21035158095583564
6.651901052377394, 0.7146747511980536, 0.21035158095583564
6.933752452815363, 0.2192645048267573, 0.6577537533150228
6.933752452815363, 0.2192645048267573, 0.6577537533150228
7.124176776080315, 0.2315087742909433, 0.6063143639589726
7.254762501100117, 0.22941573387056174, 0.600832755431992
7.12, 0.37476584449793077, 0.37476584449793077
7.254762501100117, 0.600832755431992, 0.22941573387056174
7.124176776080315, 0.6063143639589726, 0.2315087742909433
6.933752452815363, 0.6577537533150228, 0.2192645048267573
6.933752452815363, 0.6577537533150228, 0.2192645048267573
7.254762501100117, 0.22941573387056174, 0.600832755431992
7.48767980333089, 0.24332124651543643, 0.5488740557944384
7.48767980333089, 0.24332124651543643, 0.5488740557944384
7.478037106155528, 0.26452434730655305, 0.5055297665099319
7.478037106155528, 0.5055297665099319, 0.26452434730655305
7.48767980333089, 0.5488740557944384, 0.24332124651543643
7.48767980333089, 0.5488740557944384, 0.24332124651543643
7.254762501100117, 0.600832755431992, 0.22941573387056174
7.624928516630233, 0.24112141108520607, 0.5439117575489612
7.913181506729234, 0.25714844099820133, 0.49143374762990416
7.913181506729234, 0.25714844099820133, 0.49143374762990416
7.864406779661016, 0.3565882393094213, 0.3565882393094213
7.913181506729234, 0.49143374762990416, 0.25714844099820133
7.913181506729234, 0.49143374762990416, 0.25714844099820133
7.624928516630233, 0.5439117575489612, 0.24112141108520607
8.058229640253803, 0.25482359571881275, 0.4869907596659304
8.058229640253803, 0.25482359571881275, 0.4869907596659304
8.266231803868928, 0.27617987509478537, 0.4380265059525649
8.266231803868928, 0.4380265059525649, 0.27617987509478537
8.058229640253803, 0.4869907596659304, 0.25482359571881275
8.058229640253803, 0.4869907596659304, 0.25482359571881275
8.574929257125444, 0.27116307227332026, 0.4300697617828995
8.574929257125444, 0.27116307227332026, 0.4300697617828995
8.559999999999999, 0.3417929635123316, 0.3417929635123316
8.574929257125444, 0.4300697617828995, 0.27116307227332026
8.574929257125444, 0.4300697617828995, 0.27116307227332026
8.874339316539839, 0.296497120107809, 0.38005240957649017
8.874339316539839, 0.296497120107809, 0.38005240957649017
8.874339316539839, 0.38005240957649017, 0.296497120107809
8.874339316539839, 0.38005240957649017, 0.296497120107809
9.205746178983235, 0.291111254869791, 0.37314876389986873
9.28, 0.3282660821493064, 0.3282660821493064
9.205746178983235, 0.37314876389986873, 0.291111254869791
9.64, 0.3220783132004154, 0.3220783132004154
9.64, 0.3220783132004154, 0.3220783132004154
10.0, 0.31622776601683794, 0.31622776601683794
