1.0000003708013276, 24.999521564450156
1.000006313498315, 24.9873864731585
1.0000174095140657, 24.976497702572004
1.0000377341050648, 24.96468195919779
1.000065586886063, 24.95316503877617
1.0000970196212577, 24.942338145690826
1.0001423850824434, 24.930787190067548
1.000199866004508, 24.91911259594103
1.0002492962670273, 24.90787703453279
1.000316551641256, 24.896092912901278
1.000391622236141, 24.884612579073973
1.0004730522281353, 24.873281397247865
1.0005686514586343, 24.861356505495895
1.0006811350802391, 24.849611557550162
1.0007719541850106, 24.839221203109688
1.0010229954662697, 24.8158660076234
1.001140115456038, 24.804456760790877
1.0012907915984508, 24.793126315232698
1.0014329419994603, 24.781275687917862
1.0015736270362292, 24.7709978526065
1.0017481633275336, 24.75963803190608
1.0019294498582207, 24.748112320220493
1.0021049301715441, 24.73652244936066
1.0022935485439675, 24.724781647201503
1.0024976813394069, 24.713466311428704
1.0026909045389432, 24.70248435070054
1.002928343278933, 24.690304768143243
1.0031448075583078, 24.681049821694245
1.0033709909928372, 24.668424311306083
1.003631763348481, 24.657308563474476
1.0038510440194366, 24.646011294263275
1.00413012114018, 24.634047616407962
1.0043773403595042, 24.62370184976551
1.0046691609480756, 24.6117766982552
1.0049345301884145, 24.601547163097436
1.0052382109820361, 24.58951438362546
1.005509425166755, 24.579351044041196
1.005862234571896, 24.56730915081601
1.0061988176926846, 24.556139047943937
1.0065140004006168, 24.544922224898222
1.006863777048307, 24.532651584633356
1.0071852626522508, 24.52231261444474
1.0075697289003858, 24.511246479460787
1.0079017274890063, 24.500233870929385
1.0082677956870756, 24.489243636983538
1.0086565744003273, 24.477987324387378
1.0090742057985902, 24.466628208309956
1.0094713047308586, 24.455650549871496
1.0098724780876962, 24.444448246927823
1.0102646323097548, 24.434514817147
1.0107656139657024, 24.422280602864475
1.011180385033068, 24.410741445585213
1.0116107078805758, 24.400215319844534
1.0120809295579964, 24.38943103176298
1.0125671762060624, 24.377979836894745
1.0130518047420107, 24.36632986209522
1.0134976627881622, 24.356296191093428
1.0139723241008314, 24.345738984960857
1.0145276977339959, 24.33376299366898
1.0150446687629509, 24.322726133288057
1.0157673161013014, 24.307973254522743
1.0160973053893834, 24.301003992364656
1.0166766059815624, 24.289369830239664
1.0172070738139083, 24.279166366933367
1.0177731272810124, 24.26800419300438
1.0183584759950806, 24.256994479217685
1.0189530091305787, 24.24594317607712
1.0195461445195455, 24.23503404910577
1.020146314822698, 24.224341800515106
1.0207956499493678, 24.213427452004154
1.0214136428456524, 24.20222178604349
1.0220769887052799, 24.1913523686289
1.0226937171305315, 24.180661480337605
1.023368831250143, 24.169467348056422
1.0240253436317102, 24.158939483027773
1.0247099780366034, 24.148045986218847
1.0254132024976232, 24.137042459191917
1.0261408215650072, 24.126153031152064
1.0267956756008607, 24.115875687858363
1.0275357322089178, 24.10482956471808
1.028263834139384, 24.094119780596216
1.029058702006462, 24.082608824870242
1.0297475655885941, 24.072676145950428
1.0305726001668474, 24.061131082293933
1.0312951301272082, 24.051271943763233
1.0320739499315632, 24.040507196852193
1.0328727785612004, 24.029858393371377
1.0337230934772286, 24.01857979331519
1.034544954232883, 24.008032926691477
1.0354028774397606, 23.99751381061232
1.0362932836782501, 23.986018745679313
1.0371198385239706, 23.975271071802656
1.0379470621544429, 23.965095415192504
1.038825965653955, 23.954667012098184
1.0397053981519973, 23.94399946821624
1.0406175047753239, 23.933124311046033
1.0414985777904748, 23.922942896533243
1.0424447322385444, 23.91198921557536
1.043420970222097, 23.901551546821633
1.0443217245470564, 23.891154532695275
1.0453329699502156, 23.879873120086895
1.046206967379026, 23.870155232928752
1.0472898811906033, 23.859392776890157
1.048224512490621, 23.848966548959762
1.0492346809891957, 23.83807553649267
1.0502716901031945, 23.827657290603383
1.051225248191101, 23.817514065670053
1.0523636752045649, 23.806779209796545
1.053367015139518, 23.79660848353311
1.0543975602624218, 23.7859092763068
1.0555026444122717, 23.77575454383296
1.0566455493420104, 23.764979789156364
1.0577363310603398, 23.753916758157764
1.0587623872090486, 23.744168433629874
1.059872080199837, 23.733864534595437
1.0609966681830882, 23.723558391594803
1.0620982262655063, 23.713564176844567
1.063335932682432, 23.70255146010258
1.0645315008450404, 23.692792583006817
1.0657023113501805, 23.681801797924358
1.066965831041789, 23.671955510542947
1.0680874365297695, 23.661250582752587
1.0692790030139947, 23.651553139438292
1.0706071582756531, 23.640195372762708
1.0717207438851517, 23.63080106586795
1.073167556468934, 23.6200487099754
1.074404747692379, 23.610074956694383
1.075558428508181, 23.59970032524097
1.0769880665462022, 23.589659943819065
1.0783006654199552, 23.578321166154023
1.0795119898042196, 23.569222768065217
1.080812825479527, 23.55873421244679
1.0821685693869516, 23.548448597170736
1.0835369688732361, 23.538365330537893
1.0849941459651513, 23.52744618097929
1.0862735181651115, 23.517942199304233
1.0876569167250998, 23.5079116066861
1.0892139223545676, 23.496978044575894
1.0905215005680953, 23.48735683690208
1.092109856835473, 23.477062022358908
1.0933981293166164, 23.46757548191493
1.0948000550444277, 23.457434773328526
1.0965668134864244, 23.447577803149844
1.0978184475513426, 23.43713671485815
1.0993908325155715, 23.42674508440384
1.1006891432269488, 23.417793730261522
1.1027165249280337, 23.407462993837104
1.10385392642824, 23.396895123806402
1.1054516645878225, 23.387386681504545
1.1069277055114466, 23.377137488188065
1.1086900169189116, 23.367645114181624
1.1100841535316819, 23.357289997170845
1.1117464841186315, 23.347083137234534
1.1132594708986894, 23.33779041438299
1.115066092141873, 23.327311231801133
1.1165158796284298, 23.317956209009953
1.118261256339244, 23.307189257686165
1.1198942731364794, 23.298241288081904
1.1215593818931588, 23.288293423209737
1.1231953019075749, 23.27831651072186
1.1248935303059946, 23.26854797214141
1.1266114693732598, 23.25858116542325
1.128264140695269, 23.249020316344744
1.130159006861577, 23.238424837226198
1.131785808894709, 23.229211352733024
1.1336002446214157, 23.219171985492398
1.135423780675797, 23.210511908887437
1.1371221762419004, 23.199990878559213
1.1389217673897734, 23.19023835641355
1.1408974744308527, 23.181019543701858
1.1426057018149152, 23.1710457823052
1.1444854507886042, 23.161190468188742
1.1465902408670232, 23.151670483237286
1.1482655088579061, 23.14229125614871
1.1499558744657492, 23.132121662255788
1.1518062563710598, 23.12269055636099
1.1536790763013185, 23.113221985645612
1.1555930045034868, 23.103706481833918
1.157573705737192, 23.093673209065898
1.159624459185839, 23.08352466173845
1.1614432177248888, 23.074596132241815
1.163601244997824, 23.064421721384264
1.1653967010295443, 23.055471999768127
1.1674192770796392, 23.04595449552775
1.1694585401189581, 23.03615998745892
1.1713225650462178, 23.027279956762314
1.1734336412380013, 23.017293636616078
1.1756112484922359, 23.007175301114955
1.1775370106710488, 22.9983558843713
1.179626041068088, 22.988696713238745
1.1816009044394802, 22.979751785462415
1.1839276240621475, 22.969380338702454
1.1859265361941873, 22.960521879220103
1.1878460844046204, 22.951900063828816
1.1901971721876616, 22.941851809247492
1.1922981403788706, 22.932556869844767
1.1946041558457177, 22.92305560252967
1.1965773501151096, 22.914050101629527
1.1987302102831343, 22.90435493996506
1.2011295915646114, 22.895400505821094
1.2030766631390262, 22.88580865739992
1.205439160054211, 22.876308829135603
1.2076278306672237, 22.86709212631243
1.2099007767959438, 22.857790604511685
1.2121000391803498, 22.848761516394056
1.2142556743715944, 22.839310391422543
1.2167481716685302, 22.830116625465887
1.218967792679344, 22.82084098901212
1.2211053841936306, 22.811621439688977
1.2233920921282626, 22.80261639703656
1.225809426983627, 22.79294107631772
1.2280869058077037, 22.78393778470102
1.2304186185597883, 22.774824286537033
1.2329783457631474, 22.76576693787548
1.2353936902805465, 22.755536667829453
1.2376275907323488, 22.746979716869614
1.239991933445307, 22.737945262669434
1.2423980121164768, 22.728833162731654
1.2449514741798016, 22.71923534032804
1.247192782009346, 22.71082238796058
1.2495451515413607, 22.702237053619502
1.2521846868451703, 22.692476115768322
1.254601824083982, 22.683493815108882
1.2571293510170092, 22.674254333809493
1.2596370779327368, 22.66548257487159
1.262275240638685, 22.65648054810566
1.2648311084552737, 22.647420246677676
1.2675167820252091, 22.638448945773035
1.2695729212097002, 22.62955651053732
1.2723426808495297, 22.620140427297187
1.2748422659529715, 22.611083763034276
1.2775279138555748, 22.60228584787225
1.2798219840239833, 22.59381570260537
1.2826407958266859, 22.58405854550993
1.2851223251864097, 22.575609117570593
1.287700706812809, 22.566751140222742
1.2903234392543799, 22.557887423749023
1.2929981663179262, 22.54889888077157
1.2958457352095034, 22.53956129351934
1.2983873778544768, 22.530980204855602
1.3009876138636132, 22.52241146615611
1.3036547222505341, 22.51353498210062
1.3064715681126515, 22.504486544169115
1.3090709753126633, 22.495795811382166
1.3121029049357156, 22.487582577611818
1.3145459063616238, 22.4790566704133
1.3174152845516538, 22.46973811662424
1.3208630372022578, 22.460750684371547
1.322621857160883, 22.45252504157692
1.3256822456181856, 22.443242165252293
1.328599834224058, 22.43490040990221
1.3315040982349493, 22.424938514783683
1.3341005446432133, 22.417797170521176
1.3370542058592525, 22.40840981581959
1.3397781212337028, 22.399781884531713
1.3424177798528159, 22.390852973732756
1.3452888676221126, 22.382282877224675
1.3481118848596134, 22.373729699370898
1.351031034507237, 22.364900959985246
1.3538590879526904, 22.35629192549056
1.356781889731384, 22.34786690921989
1.3599301682159877, 22.339167470575504
1.3625630706987597, 22.330485364741705
1.3654498497999283, 22.32197593724743
1.368439913351928, 22.313381681416395
1.3714653029361044, 22.304508093756887
1.3743854331465994, 22.295959245384232
1.3774047708014148, 22.287293663598465
1.3804888932285875, 22.279193086960163
1.383507025398576, 22.27061322024961
1.3863815425833041, 22.261629993753182
1.3895152011328877, 22.25325664490507
1.3923951810372297, 22.245096449751014
1.395665677304878, 22.23631466334661
1.3989763589250628, 22.228295948016942
1.4014374700026764, 22.22012647391207
1.4045917335842109, 22.211545967746208
1.4078260285166495, 22.202357584761828
1.4111757824803481, 22.194258657718514
1.4140095364765026, 22.185687509283063
1.4168271758270685, 22.177275898312903
1.4199605297918247, 22.168935966853198
1.423095165289607, 22.160377521433183
1.426348475173457, 22.152170202400384
1.429445759214453, 22.14354610233056
1.4325549392562371, 22.135141660936444
1.4359610458676402, 22.127284313814805
1.4389342375625724, 22.118604528850703
1.4420799381644316, 22.110084767824237
1.4453589971692808, 22.101683559168695
1.4484374913366982, 22.093688194597544
1.4517248405389382, 22.08523621870035
1.4549996513802874, 22.07657576754212
1.4582771718316025, 22.068779410041756
1.4613668930785568, 22.06030571986073
1.4647712038557654, 22.05163794508873
1.467848653541158, 22.043932619861007
1.4713063906155341, 22.035120079871287
1.474402310628953, 22.02737084981767
1.4778093324032193, 22.019025657731632
1.4809133556975487, 22.011062712633993
1.4842691315311014, 22.002772458456388
1.487650073694378, 21.994780146346294
1.4911369728207289, 21.98598625441338
1.4944071311523477, 21.977958286242583
1.4977569851810941, 21.969623484268414
1.501160695255915, 21.961716991452754
1.5043532486931663, 21.95359033513606
1.507980416997404, 21.94564564300728
1.5110400130559656, 21.93749406932967
1.51443258626182, 21.929427631212512
1.5181020726803127, 21.92104008977621
1.5213023525300984, 21.912997174211974
1.5248582325654214, 21.9047834758144
1.5284251592112381, 21.897245169291153
1.5317188687337917, 21.888544776884828
1.5349806153495722, 21.880783468776002
1.5388478781100494, 21.871996287824672
1.54213673867581, 21.86469455008823
1.5460382245264293, 21.855716359668452
1.5490727856455426, 21.84813298311512
1.5527489672822314, 21.8400322956263
1.556136076510014, 21.832376857115506
1.559594397188845, 21.824131462790973
1.562896847354431, 21.816630605471055
1.566644849116151, 21.808118856764985
1.5699201153321936, 21.80073058656438
1.5738385564856323, 21.791869894593894
1.5775351281642689, 21.783894984400177
1.5807658897621832, 21.776415321416746
1.5846203936398864, 21.76784004365863
1.5880358712146807, 21.76058470350416
1.5918593670683092, 21.751823820213005
1.5951266198837564, 21.744943179129645
1.5988569215144262, 21.73656903154007
1.6023453610536262, 21.728860982193563
1.6063350858930137, 21.72016868046182
1.6095221595152676, 21.7132622959231
1.6134957638519964, 21.705701313375958
1.6169494115551464, 21.69723672085646
1.6206884871216274, 21.68956024315404
1.6242711784514299, 21.681643300425495
1.627790900509052, 21.674071423769192
1.631791609606858, 21.66556628610349
1.6356537203287256, 21.657697523646984
1.6391059402776347, 21.65008596394754
1.6429452668329474, 21.642147887368328
1.6464350675926935, 21.63469856888064
1.6501521322589934, 21.626965283254258
1.6538997256130965, 21.61922484558209
1.6579501349158539, 21.61072326699207
1.6614404983158113, 21.603514085367244
1.6655208628004903, 21.596587867096684
1.6690780032811174, 21.587919482015618
1.6729863906994782, 21.57995376563558
1.6766238892719798, 21.572518524149235
1.6804019955734686, 21.56490792557529
1.6842521304596423, 21.557014466111397
1.6880805174374416, 21.54933577428643
1.6918996174545358, 21.541462002800277
1.6958696762778815, 21.533654567157512
1.699545729683952, 21.526355165508242
1.7032397267485284, 21.51869559646953
1.707159645153024, 21.51157141094456
1.711108897603064, 21.50349009588048
1.7148870751278031, 21.495599697210267
1.7192393763047045, 21.487844279380102
1.7227544532873469, 21.480271360791832
1.7266856184201171, 21.472382967710903
1.7303738123292705, 21.46517575148345
1.7345563202948917, 21.457546938175835
1.7383525411427638, 21.449816754507133
1.7422033777873083, 21.44219865819213
1.7461858548152602, 21.43452024620139
1.7501014649601951, 21.427197449434388
1.7543992745848545, 21.418725515332163
1.7579083947214629, 21.4121563153491
1.7619671694220826, 21.404369294408447
1.766110019185723, 21.396904912466823
1.7699493361494354, 21.389111037128874
1.7737774517734846, 21.381870055266994
1.7779406816182777, 21.374071295278853
1.782282121210486, 21.365859685994668
1.7859637797329193, 21.358968088430373
1.7900117259338075, 21.351491416459908
1.7941520466799779, 21.343980429292145
1.7981089597761015, 21.336706496733278
1.802056836298357, 21.329375384065024
1.8067327121687353, 21.3226079249622
1.8099585462951309, 21.314471458330065
1.8143411732938937, 21.30645981046645
1.8185099508497977, 21.299632417280016
1.8229133670175064, 21.292031866384065
1.826596577459596, 21.284946709674415
1.830579592573227, 21.276761446183936
1.8347917172094006, 21.2697410232767
1.8388743580928062, 21.261889467744645
1.8428329608252216, 21.25461428848171
1.8470688566746356, 21.24710824095809
1.8511775214264634, 21.239770502256274
1.8554764121043494, 21.232202118612896
1.8593004812256886, 21.225147634075554
1.8636608744315626, 21.217444900340304
1.867577985626239, 21.210449394740174
1.8719060162961243, 21.203299190167765
1.8760698484004414, 21.195511743782976
1.8803620187418941, 21.18791556282333
1.8846743524781955, 21.18034397514968
1.8885836754324525, 21.17350970921812
1.8928062691040715, 21.166160876216303
1.8969905934458942, 21.15890870947319
1.901269047290027, 21.15163771355469
1.9056682649851395, 21.145080817473684
1.9097460973062128, 21.13726181249436
1.9141004787248663, 21.12983136507531
1.9180952348310105, 21.122505825973043
1.922491005701124, 21.115387403299714
1.9267836403344338, 21.108088297233984
1.9308477687083383, 21.10063840098176
1.9353761093517183, 21.093004798561466
1.9394403442867656, 21.086055009936086
1.9439199401296188, 21.078793722574357
1.9482040254595483, 21.071706212165978
1.9525242551084574, 21.06432968802116
1.9565751721341416, 21.057168699711404
1.961013367300297, 21.05013838696306
1.965252450522495, 21.04267010041781
1.9697017389594411, 21.03543301051905
1.9740331854909625, 21.02817173627057
1.978345911926385, 21.02101784621426
1.9831741127949276, 21.013489422769517
1.9871785234524695, 21.006730454608512
1.9917406396853565, 20.999211267824414
1.9961464704859748, 20.992107402244457
2.0002451137131128, 20.984914186696003
2.0043034453874733, 20.978540340224697
2.0089146731311556, 20.9707120280057
2.0137398532389574, 20.96300964716486
2.017773851217103, 20.956482377392923
2.0223119429432694, 20.9500003956789
2.0264369552655506, 20.942352972926656
2.0309207929319193, 20.935127645888212
2.035504296269371, 20.927814684944842
2.0395070943111624, 20.921329956254652
2.0446076863155307, 20.914295115014433
2.04857785757605, 20.90686413759998
2.052844709614441, 20.900090892630875
2.057633569505886, 20.892510400083744
2.0621127864279156, 20.885602963819643
2.0658795342058953, 20.879439403903977
2.0673465890598255, 3.1344382388123075
2.067373178613604, 3.127912365779984
2.0675472013746337, 3.1161977153307467
2.0678579923154343, 3.105233835584905
2.0683249172027756, 3.094018160235862
2.068915425102584, 3.083269786917366
2.0696409821600277, 3.0725728930852796
2.0705298947846686, 3.0618369722511853
2.0715089436465193, 3.051254162321277
2.072626272956347, 3.0408486490408184
2.0738588213231433, 3.030529677452218
2.0752107109464, 3.0203527675967057
2.0766706138293594, 3.010325636813607
2.07825530838944, 3.000313563049347
2.0799061453034864, 2.9907041923839595
2.081728990052352, 2.9807136175566518
2.0836074298439087, 2.971131540344019
2.0856180141030385, 2.961489508606848
2.0876900917052756, 2.952111348265399
2.089854494164962, 2.942834595850898
2.0921401565369293, 2.933520300038315
2.094502732771833, 2.924353540974376
2.0969474801871058, 2.9153294581213807
2.099505729434106, 2.9062278690636933
2.102134197945529, 2.8972950533973734
2.104792322933015, 2.888633695818818
2.1076004721640853, 2.8797874868470443
2.110450774636895, 2.871153279939206
2.113385406787565, 2.862572033008436
2.116420931630225, 2.853993903412187
2.119484520549339, 2.8456159385600777
2.122650103217859, 2.837268961705527
2.1258644111703475, 2.829014583792282
2.1291663973785417, 2.8207382139900483
2.1325385736280356, 2.812578139346585
2.1359995651617103, 2.804390099980496
2.1396332041738564, 2.7965253129364043
2.1430360307060403, 2.788447814840581
2.1466504820900836, 2.780565953515208
2.1503320883040176, 2.7727327269052298
2.154083374798477, 2.7649403683887357
2.1578954020468615, 2.7572048133121956
2.1617334991598125, 2.7495910681731117
2.1656691747531873, 2.741954644252526
2.1696622039501046, 2.734373320299374
2.1736755963211802, 2.7269138163941524
2.1777761330865397, 2.7194452058853082
2.1818857040970645, 2.7121180916374525
2.18609474237246, 2.7047431432127773
2.190306648205498, 2.6975205144135845
2.1946403062741, 2.690210497608358
2.1989702039257515, 2.683049358723075
2.203390557424364, 2.6758689730348535
2.2077754016586018, 2.668875736239283
2.212285006643251, 2.661802092630557
2.216855065848388, 2.6547497417904444
2.221400256393763, 2.647863494118797
2.2260465809886254, 2.640924123125543
2.2307070808834872, 2.6340812756128726
2.2354037477153073, 2.627298265951106
2.2401708849555817, 2.6205223082769575
2.2449830548746403, 2.6138176732657965
2.249838984891494, 2.6070572956206535
2.2546972488059644, 2.600446216138534
2.2595671571228344, 2.5939225812981905
2.2645837981353605, 2.587284018677865
2.2696046657790268, 2.580766282692427
2.2746263171186554, 2.5742837651529094
2.2797074581359316, 2.5678235044236155
2.2848266861415896, 2.561412813873749
2.2899809403339826, 2.5550426128267563
2.2951742082552693, 2.5487058983353963
2.300360482240041, 2.5424709103351497
2.30566091215743, 2.536151347669918
2.3110655120060994, 2.5298011241629474
2.316332756380597, 2.5236986319521995
2.3217385498706644, 2.5174873210198867
2.327047001987422, 2.511474302981058
2.332532304193653, 2.505324504990773
2.337984714263654, 2.49928577864724
2.3434912415238687, 2.4932559204869844
2.348984304043527, 2.4873105323600053
2.354607164541172, 2.481285891494856
2.3600551665528076, 2.4755168303041137
2.3658100406633435, 2.469483108201369
2.3714690037711987, 2.463615382087807
2.3771607826634953, 2.457794618280444
2.3828599675456537, 2.4520068381338818
2.388678779898225, 2.4461408320535263
2.394401080487702, 2.4404676906514915
2.400206176326729, 2.434754967731666
2.4060470543348345, 2.4290337113238634
2.4118551237902213, 2.423429769674925
2.4178018092183873, 2.4177362371565163
2.4237635677835803, 2.4120883548340823
2.4296572810515142, 2.4065605194535595
2.4357152040772974, 2.4009257348438884
2.4416811577871274, 2.3954324347553397
2.4475555441651524, 2.390068652853441
2.4537779438202714, 2.384440698399208
2.4598237260329427, 2.379020439648382
2.465909039648641, 2.373613434807829
2.4720758159955984, 2.368181969442455
2.478193550266314, 2.362840337000648
2.484361330749584, 2.3575110019868437
2.4905646814345124, 2.3521760515076573
2.4968092693218624, 2.346889777804217
2.503044136444924, 2.341597894353505
2.5093734824825393, 2.3362992490098966
2.5156577750657516, 2.3310813612196655
2.5219490176879695, 2.3258996772819738
2.5282903234344007, 2.320718480976486
2.5346524096259104, 2.3155611966695564
2.541038267692165, 2.310436987201904
2.5474318475087654, 2.305329480326644
2.553864958728401, 2.3002297241458143
2.5603742825123597, 2.2951135497148374
2.5667934662956062, 2.2901240698074785
2.5733205623341666, 2.2850682971176464
2.5798256842394434, 2.280057108966382
2.5864066062713906, 2.2750381049228063
2.592972403697468, 2.270067407740857
2.599523035286896, 2.2651809674147816
2.606059054038461, 2.2602691572472517
2.6127341901674184, 2.2553211789815166
2.619368479868961, 2.2504603838484303
2.6260521135320687, 2.2455570296579794
2.632717738301335, 2.2407264987428426
2.6393337597832724, 2.235967327586671
2.6461357741244718, 2.2310865508604776
2.652804576456912, 2.226366804346662
2.6595560356469434, 2.221585169263281
2.6664175619287818, 2.2167679240848224
2.6733203337632063, 2.211959478627458
2.680011313939801, 2.207329088853575
2.6868418226943858, 2.2026332439507086
2.693697543559794, 2.1979922004054364
2.7005994246077307, 2.193264611517073
2.707467613156289, 2.188632531394829
2.7143731074141586, 2.1840046437919924
2.7212873464315983, 2.1794387472678296
2.7282021346267356, 2.174851071282747
2.735201325266564, 2.1702195956007126
2.7421313304011945, 2.1656892570401767
2.749087764045461, 2.1611954839912415
2.7561167317984547, 2.1566387445988777
2.763135105609859, 2.152129400644211
2.7701263659906714, 2.147677449897376
2.777199461761951, 2.143177538626402
2.78428554850516, 2.1387073635653366
2.7913632235299604, 2.1342726384307076
2.7983429077584727, 2.129918548257877
2.8056352696831106, 2.1254585757606086
2.8127435700173984, 2.121017086484723
2.819875144750578, 2.1166496722384025
2.8270357383908555, 2.112284327731844
2.8342203586061587, 2.1079312502474488
2.8415238171871264, 2.103530956790138
2.848546690031695, 2.099323296548494
2.855805883397671, 2.0949969516213818
2.8631419746287325, 2.090649167992636
2.8703997032369433, 2.0863713438049767
2.8776106502820777, 2.0821437466072714
2.8848805287155117, 2.077904337265568
2.8921768749243006, 2.0736720593799296
2.899480777412044, 2.069458824124733
2.9067762215349298, 2.065273255980668
2.9141395408183746, 2.061066211243875
2.921537987931091, 2.0568636341189714
2.9288687867675787, 2.052735691751184
2.9362386776688343, 2.0485800451217733
2.9436254350412465, 2.0444461186617393
2.951014699175701, 2.0403381875806565
2.9586592581114357, 2.036101233193855
2.9659494861854387, 2.0320847953213934
2.973361556383314, 2.0280214791382503
2.980776298599642, 2.0239766778507855
2.9883595383697754, 2.019862167333501
2.995735666691574, 2.0158853127301546
3.0032850253148515, 2.01181789523247
3.0107822741518753, 2.0078069436834043
3.0182180298191654, 2.003870267436408
3.0258251582796336, 1.9998171937235107
3.0333824531366718, 1.9958572480849015
3.040912919523458, 1.9918814459640128
3.048508858740331, 1.9879111580809914
3.055976634139118, 1.9840280710093197
3.0636591290524926, 1.9800520279922582
3.071280610868789, 1.976125287892246
3.0790052271608586, 1.9721641344483167
3.08653283771922, 1.9683631702868194
3.094143219746173, 1.9644545334872603
3.101781262048811, 1.9605904063118706
3.109487047769426, 1.9567118581908596
3.1171997764157373, 1.9528430479968344
3.124900029920365, 1.9489997594594042
3.1325774110989375, 1.945184823452189
3.140316401628785, 1.9413561761174882
3.1480950562745464, 1.9375461878668354
3.155732478386005, 1.9337793512983634
3.1634598955966053, 1.9300081239551583
3.1712439414265488, 1.926235735556437
3.178956469101349, 1.9225017819881614
3.186811434617967, 1.9187011886405485
3.1945799297322512, 1.9149934616338673
3.2023715808430393, 1.911247930913533
3.21014745998795, 1.9075497060572026
3.2178131936558536, 1.9039130905030441
3.2257550930235173, 1.9001715759678737
3.233718979057979, 1.8965000822973643
3.24154552371322, 1.892756768741334
3.2494288198879246, 1.889081548352536
3.257286692979679, 1.8854331101752229
3.265135537178506, 1.881817462053529
3.273068667647087, 1.878149958207113
3.280871537637541, 1.8745706855480537
3.288811391303499, 1.870950171135804
3.296805167281946, 1.867305454915625
3.3048235171203584, 1.8636712586277648
3.3126204502645553, 1.8601600632882291
3.320674585919547, 1.8565294621076922
3.328500119998621, 1.8530292109576343
3.3365947895028065, 1.8494899070505537
3.3445290074926532, 1.845886082687338
3.352606347914265, 1.8423097999401399
3.3605092687245977, 1.8388242860325277
3.368540377771825, 1.8352957217011292
3.376502324619884, 1.8318189227617974
3.3845382992651274, 1.8283139314278245
3.392497032051435, 1.8248493843410223
3.4006584179583106, 1.821317339418654
3.4086618831773112, 1.817880459189451
3.4167421290340156, 1.8143957421412047
3.424810158134987, 1.8109430597364344
3.432947620103872, 1.8074733171003154
3.4409851267940175, 1.8040600136547342
3.4490829615178593, 1.8006313866940715
3.457192699801729, 1.7972112945090328
3.465314433896266, 1.7937985846449065
3.4734393883300223, 1.790396843757079
3.481655285230719, 1.7869694524375082
3.4897934527828522, 1.7835866888057537
3.497841182800422, 1.7802554719229033
3.506019546935839, 1.7768789911111589
3.5141880463008017, 1.7735184275264229
3.522379192995972, 1.7701614761725344
3.530630496184712, 1.7667918048695437
3.538771363225738, 1.7634788488290973
3.5468192475145077, 1.7602212673856945
3.5551113505370475, 1.7568636533326982
3.563394794222843, 1.753527472673704
3.5715787521803213, 1.7502491036312144
3.579823364054897, 1.7469450788634122
3.588064876867416, 1.7436595660709648
3.5963918100748593, 1.740351461320591
3.60458294563613, 1.7371140128158664
3.6127906373687697, 1.733869576634015
3.6211016667439804, 1.7306127293764422
3.629431410155354, 1.7273359349314545
3.637701395604717, 1.7241051904647804
3.6460150970585135, 1.720868131389421
3.6542918062079606, 1.7176853114022754
3.6625986345097763, 1.7144463350576404
3.6709496468758784, 1.7112233824491874
3.6791885806357385, 1.7080575417724675
3.687578602548844, 1.7048484775224635
3.695990798780044, 1.7016319604406602
3.7042800095688753, 1.698477482259434
3.7127190780757555, 1.6952763138049411
3.720968210425822, 1.692157362957671
3.7294325536379844, 1.6889669037266122
3.737896675149104, 1.6857869449356604
3.7461258109149878, 1.6827170452146871
3.7545823586249947, 1.6795478678960705
3.762901127805839, 1.6764552007781919
3.7713363195770606, 1.6733224229977244
3.7797621565902095, 1.670206189755444
3.788142592575414, 1.6671163710726231
3.796603099054351, 1.66400972307945
3.8050956606998207, 1.6608949226491658
3.8134747459754452, 1.6578378425111215
3.8219096416269065, 1.6547799444590179
3.8303216651083263, 1.6517083694293637
3.8388549598149804, 1.6486288435753547
3.847322178633547, 1.6455650490568465
3.8558237021999, 1.6425058108418769
3.8642744512803127, 1.6394792189641305
3.8729009220185473, 1.6363900345422535
3.8812134877228344, 1.633447352072322
3.8897928237300015, 1.6303766382041005
3.898357861692985, 1.6273411862663874
3.906808886575046, 1.62435492195647
3.9153247550599106, 1.6213622114725874
3.9238564684827297, 1.6183747995538622
3.9324006118359898, 1.6153649831616617
3.9409460125190274, 1.6123807160446848
3.949498542619512, 1.609458202781482
3.958049974946671, 1.606448592376041
3.9666246362148785, 1.6034650149446898
3.9752639348589702, 1.600482783597213
3.9837414785350234, 1.5975648460798841
3.99235675014381, 1.5946377363560569
4.000941401295973, 1.5916698191561454
4.009515406059924, 1.5887452160667712
4.018104171939401, 1.5858211791423953
4.026744361280167, 1.582889054642493
4.035335530224077, 1.579982097611682
4.043959325639889, 1.5770719991807303
4.052580630701703, 1.5741728114309286
4.0612222910464695, 1.5712818232362116
4.0698246746307, 1.5683935402425524
4.078480350508733, 1.5655046059809807
4.087088546253777, 1.5626461326297418
4.095786280953157, 1.5597535792255777
4.1044430313185885, 1.5568987851864542
4.113181418062888, 1.5540047852552765
4.121788529841167, 1.551183170711686
4.130493234585483, 1.5483148063547911
4.139141938871871, 1.5454972379246683
4.147942435952468, 1.5426106372443291
4.156549226311167, 1.5398084736294029
4.165203666468418, 1.536998314310353
4.173938000054707, 1.5341700905317814
4.182681530632492, 1.5313572626970184
4.191398285442125, 1.5285607102668324
4.199903720635023, 1.5258060657412629
4.208810498073269, 1.5229587782690772
4.217456256237508, 1.520195259789167
4.226274831532323, 1.5173942709727655
4.235074072962866, 1.5145862076670351
4.243817867204919, 1.5118128977633931
4.252669698320156, 1.5090096577842231
4.261175865541729, 1.5063267456156875
4.2701255025825695, 1.503511265791721
4.278953054579941, 1.500741984590942
4.287692120742419, 1.49800650438462
4.296429938305014, 1.4952860303636795
4.305233486383333, 1.4925402591743195
4.314033077597402, 1.4898059279827989
4.322835296127732, 1.487083909173456
4.33159672021743, 1.4843798526746241
4.340506485876131, 1.4816251690407949
4.3493188055708485, 1.478916091078046
4.358130895666614, 1.476213902864299
4.3669138035271295, 1.4735346085819747
4.37581612416547, 1.4708112084584433
4.384596143877124, 1.4681390241309031
4.39350813542434, 1.4654838533291694
4.402393139772251, 1.462742774952355
4.411128348029819, 1.4601051111031498
4.419976275882475, 1.4574379559818262
4.428884650614496, 1.4547598657719973
4.437717001708417, 1.452111829795168
4.446597343956272, 1.4494550153263637
4.455481282460843, 1.4468040706441812
4.464356088049669, 1.4441623011625144
4.473232223886312, 1.4415281702490381
4.482168108805205, 1.438879490377493
4.491016906850472, 1.4362654090994824
4.499915648219469, 1.4336523988179029
4.508839448986704, 1.4310173905001955
4.517830241712197, 1.4283790023758065
4.526698884357236, 1.4257840446488879
4.535615898050571, 1.4231796610962768
4.544499965574302, 1.4205917822213592
4.553490719293088, 1.4179790436814812
4.562349354266318, 1.4154108163420696
4.571253071858997, 1.4128508941563942
4.580237176569337, 1.41024346113996
4.589224161309127, 1.407656860646421
4.598184234591706, 1.4050826013090032
4.607154358183564, 1.4025360195581018
4.6160829243612245, 1.3999602629243253
4.625108672590175, 1.3974375239100902
4.634127032780392, 1.394819871276149
4.643082262305577, 1.3922777689819026
4.652062719778256, 1.3897342200199585
4.661004102927792, 1.3872202558472408
4.670014602065181, 1.3846673175444952
4.67898206068184, 1.3821449783397268
4.688038851322821, 1.3796032332745334
4.696994708270453, 1.3770955851469882
4.706001138600403, 1.3745794839387984
4.715027583682627, 1.3720635038402305
4.724037145867739, 1.369562703484317
4.733270107504612, 1.366996022246556
4.741946634653781, 1.3645939069527186
4.751086564262338, 1.362069361679876
4.76015754422334, 1.359568970489532
4.76920246543301, 1.3570816063423072
4.778198304241303, 1.3546200835404973
4.787279271308635, 1.352133241598554
4.79643074717331, 1.3496271050690676
4.805434844324903, 1.3471728897409154
4.814597892418153, 1.3446808692026526
4.823586634751883, 1.3422416353715307
4.832615338393264, 1.339796896024512
4.841690725864473, 1.337344998697947
4.85085100750536, 1.3348753554504087
4.85977832494272, 1.3324778120734453
4.868949980482249, 1.330011965285389
4.8780579057525, 1.327572510695959
4.887095480369592, 1.3251571490044802
4.896204926382892, 1.3227282612740443
4.905312811125999, 1.3203040493260374
4.914394775676038, 1.3179016833723596
4.923523799495144, 1.3154787030466282
4.932623139773662, 1.3130683099753464
4.94178310092061, 1.3106507881363014
4.950923753350712, 1.3082442534016427
4.960123466935301, 1.3058273347574998
4.969213322910102, 1.3034443426362206
4.978302496976726, 1.3010767569134367
4.987499235645766, 1.2986656700262655
4.996600077383853, 1.296294980971436
5.0057360546099385, 1.2939210626448332
5.015062749941855, 1.291500368250649
5.024043330935145, 1.2891756319562264
5.033175677461028, 1.2868168595565788
5.042367077335032, 1.2844495161915908
5.051731843673034, 1.2820376076928237
5.060693019221143, 1.27974192855696
5.06988234819509, 1.2773916153096574
5.079067912224572, 1.2750369107247645
5.088267808815633, 1.2727047206324502
5.097455401160872, 1.2703475191669975
5.106635279285036, 1.2680148987079365
5.115807637812397, 1.2656889426405453
5.125002848177504, 1.2633645237033293
5.134345756445013, 1.2610024041852037
5.1433962685850565, 1.258723742013413
5.152485673306783, 1.2564356794347684
5.161995277313464, 1.2540479644128535
5.171074347173833, 1.2517740866361398
5.180300801124333, 1.2494668861903866
5.189533529833316, 1.247163257856932
5.19883762242559, 1.2448465024830915
5.208037609130593, 1.2425969936893333
5.217235360530555, 1.2403178542090938
5.226454539920187, 1.2379973453210005
5.235662819872571, 1.2357225488189667
5.244969534786939, 1.233428047684797
5.254181763729994, 1.2311858421468773
5.263473097777851, 1.228894587409677
5.272768931054663, 1.2266015820542648
5.281942302302557, 1.2243639564000812
5.291275696619553, 1.2220793670998498
5.300538118334096, 1.2198226959948881
5.309777516501166, 1.217576201730164
5.3190593506881205, 1.2153234310720362
5.328333802975985, 1.213077079683236
5.337621288644935, 1.2108332807393243
5.3469245867003306, 1.2086011867308362
5.356194124169626, 1.2063571525938028
5.365500284575606, 1.2041235493138291
5.37479445601649, 1.2018899722095333
5.384146698248419, 1.199649659361752
5.393525013397514, 1.1974086543296145
5.402729805815088, 1.1952133190021006
5.412047415663479, 1.1929953038772192
5.421355607246419, 1.1907837609137388
5.4306413672241325, 1.1885893596842159
5.439976394516473, 1.1863775277788196
5.44933300111563, 1.1841618325034653
5.458594167837306, 1.181978401091879
5.467782294446872, 1.1798202125925807
5.477278232176269, 1.1775851281791627
5.486567133985901, 1.175418061910003
5.496038112320903, 1.1731906618843277
5.505370736597788, 1.1710107476366391
5.51465664272836, 1.1688577630175863
5.523999365593498, 1.1666716842260665
5.533408855339065, 1.1644860420306085
5.542663857185483, 1.1623403413128381
5.552111343638873, 1.1601540197234839
5.561557765862329, 1.1579720642470817
5.570809249626082, 1.1558391625357858
5.580170984821984, 1.153709867897326
5.589562661147767, 1.1515274381990344
5.598925959463623, 1.1493819422325655
5.608305985311028, 1.147248415854612
5.6176774142351045, 1.1451025437326114
5.627117741140756, 1.142940139180795
5.636476148141994, 1.1408105463003861
5.6458241560202564, 1.138688144670072
5.655269451498803, 1.1365443237470167
5.664679996932938, 1.1344138914339876
5.674069969720639, 1.13230038177044
5.683472092551691, 1.1301716585904027
5.6930064103109626, 1.1280248686655778
5.702284530577149, 1.1259415238139803
5.712017802162411, 1.1237562785233117
5.721068823027705, 1.1217309577766779
5.730562723764622, 1.1196073207901507
5.739969501830644, 1.117510647716394
5.749396188977194, 1.1154092224355114
5.758838517188112, 1.1133093951115083
5.768266289595756, 1.1112169983958577
5.777698040316283, 1.1091275769594797
5.787163285525643, 1.1070341799719992
5.7965916536868685, 1.1049527729737139
5.8060005383776225, 1.1028828582834957
5.815480430904616, 1.1007939185782978
5.82491433625243, 1.0987224795311838
5.834390082821502, 1.096649847426481
5.843843545728392, 1.0945765440582182
5.853312482575487, 1.0925080849662816
5.862835142928395, 1.0904316057281611
5.872223433740184, 1.0883880756903017
5.881620778910266, 1.086350044853346
5.891255230127025, 1.0842560486668806
5.90065963926534, 1.0822196044260721
5.910144377554535, 1.0801693184671532
5.9196226245027885, 1.078123973813837
5.929096534907499, 1.0760831002625486
5.938560202583216, 1.0740479934728564
5.948035512837317, 1.0720224018486595
5.95754207510692, 1.069983088186075
5.967059542748013, 1.06794253187118
5.976481722979939, 1.0659289357536332
5.9860577584865, 1.0638886494397761
5.995563619332657, 1.0618721413850651
6.0050663603299945, 1.0598442918232365
6.0145923429270045, 1.0578373994286305
6.024120630243318, 1.0558067106099192
6.033603288551375, 1.0538020592822115
6.043144479529101, 1.0517871056922885
6.0527663561156935, 1.0497599337761858
6.062166755118694, 1.0477841942482777
6.071700785061242, 1.0457808442103707
6.081239326618937, 1.0437813524724486
6.090763457100271, 1.0417882362050757
6.10032608925709, 1.0397904230182848
6.109664223810411, 1.0378506834942995
6.119372860865683, 1.0358215009089338
6.1289191145475925, 1.0338399281997428
6.138406727001175, 1.0318701137375783
6.147745468327297, 1.0299343922773747
6.157568654014341, 1.0279011174695316
6.167145870804201, 1.0259430352634547
6.176692977547798, 1.0239559805872689
6.186255249175308, 1.0219873260799426
6.195820182820029, 1.0200220155583153
6.205297913812357, 1.0180791586545883
6.21489970918552, 1.0161126014951867
6.224555075059807, 1.0141372907328243
6.234092699786434, 1.0121904576735847
6.243647161414274, 1.0102468158755542
6.253226807345317, 1.00831654893809
6.262818473041465, 1.0063460643465856
6.272291034735405, 1.0044251935709545
6.2819973998772785, 1.0024811946448973
6.29163022782639, 1.0005128797353957
6.300956167221959, 0.9986553423642537
6.3106689395789, 0.9966738690539272
6.320247863871625, 0.9947517993568216
6.329986868754382, 0.9927911713528011
6.339568198020254, 0.9908758062735193
6.349135644155206, 0.9889549158872536
6.3587956138664765, 0.9870243134272809
6.368358385837995, 0.9851189309659601
6.377994500205487, 0.9831965488423267
6.387590661779644, 0.9812882079786618
6.397208748627477, 0.979377977170778
6.406825287208975, 0.9774727500873813
6.416464400874849, 0.9755711244438353
6.425988731120107, 0.9736811952482419
6.43565581190228, 0.9717861705270777
6.445342829449808, 0.9698709923177855
6.454916870369367, 0.9679880433828705
6.46461565101851, 0.9660774782539993
6.4742204004546196, 0.9641947087352374
6.483876650480556, 0.962304445345243
6.493493016313248, 0.9604269847786486
6.503176670618026, 0.9585380461621884
6.512854857135275, 0.9566491630142289
6.5225163564355135, 0.9547697357918348
6.532163090853346, 0.9528961235187144
6.541856588284943, 0.9510163818086931
6.551438319576635, 0.9491627244507999
6.5610910196279235, 0.9472952502954011
6.570877534937952, 0.9454062999538553
6.5804070112806015, 0.943570287914191
6.590075892953021, 0.9417215804293579
6.599827313460617, 0.9398360685867226
6.609420506603467, 0.9379976179545587
6.619135921247771, 0.9361352610377975
6.628816289904641, 0.9342841611004682
6.638473019610262, 0.9324404300572108
6.648097687151326, 0.9306058546607356
6.6577020605883614, 0.9287893742662418
6.667614317603574, 0.9268938825468861
6.677190097554646, 0.9250844958802379
6.686924346846855, 0.9232323965310228
6.696627758940407, 0.921396765798398
6.70625036900795, 0.9195881089678553
6.716005800453361, 0.9177393662060281
6.725770091074276, 0.9159006850097485
6.735375218195456, 0.914095166559146
6.745105514245141, 0.9122680282663668
6.754812057509886, 0.9104485187643202
6.764472351844372, 0.9086404446472562
6.774205174938257, 0.9068215519497957
6.783960946989394, 0.9050011925907199
6.793428105843154, 0.9032374729107168
6.803369680683648, 0.9013876935347264
6.813081435176502, 0.8995836875557788
6.822896704831936, 0.8977632045567684
6.832549541481313, 0.8959786539395758
6.84224352784293, 0.8941832173494726
6.851964276012185, 0.8923901837573133
6.861814772115547, 0.8905720252955676
6.871602024144623, 0.8887703380748805
6.881207863883866, 0.8870046793802522
6.890906705781573, 0.8852247306412481
6.90075996943714, 0.8834188080704286
6.910409930016226, 0.8816538642343907
6.920006146563158, 0.8799042675349272
6.929984800967041, 0.8780788965995586
6.939748193039938, 0.876300240400454
6.9494147068250545, 0.8745418627615322
6.959171480605962, 0.8727696240708205
6.968955060251937, 0.8710094951964903
6.9787062430609925, 0.8692292105674712
6.9883750790871755, 0.8674850217141966
6.998216409956927, 0.8657036870641395
7.0079757580378645, 0.8639442500894859
7.0177671353634, 0.8621886337521847
7.027541535295298, 0.8604240607713921
7.037163850196692, 0.8587040486800342
7.047077910359755, 0.8569209925686134
7.056766611769007, 0.8551901574013989
7.066680432420881, 0.8534135982527222
7.076419157106319, 0.851678157865558
7.086202078997747, 0.8499323340364275
7.095931219365353, 0.8482030996538676
7.105698905060845, 0.8464749087074824
7.115540576394517, 0.8447192025268869
7.125266199362887, 0.842996205999305
7.135158383124838, 0.8412509621418065
7.144912333538693, 0.8395229153397842
7.154675655613418, 0.8378006318623487
7.16448247895414, 0.8360747678678069
7.174334769833139, 0.8343403106549085
7.184156638792905, 0.8326195880811639
7.193962448761813, 0.8308986910523529
7.203792507522132, 0.8291736971815798
7.213565976494133, 0.8274644842401674
7.223350397051947, 0.8257562038198517
7.233168021280065, 0.8240478097619789
7.243057383319183, 0.8223216937170355
7.252763842204247, 0.8206388613624207
7.262762751208014, 0.8188979525578255
7.27249384402855, 0.817219290591327
7.282356955618827, 0.815502775788162
7.292264213761035, 0.8137898847244484
7.301978617479717, 0.8121129780276984
7.31168936030901, 0.8104431823754081
7.32159995383285, 0.8087323259866832
7.331464788740047, 0.8070406280851857
7.3413225873840995, 0.8053472791202908
7.351151297069155, 0.8036613743024983
7.361004728128754, 0.8019724071892548
7.370867188720617, 0.8002864742964894
7.380617065447389, 0.7986222209519086
7.390447072751333, 0.7969464541987921
7.400420949592007, 0.7952486561900737
7.410380558538849, 0.7935580654585859
7.420037214974361, 0.7919178485483804
7.429940413285693, 0.7902433581705245
7.439802047636184, 0.7885705367801663
7.449670221273111, 0.7869005955788538
7.459526434047722, 0.7852368403152667
7.469501225185296, 0.7835564752449291
7.479275196180151, 0.7819122813957742
7.489126165527804, 0.7802745059987148
7.498978978158277, 0.7786005709800309
7.508871599501833, 0.7769459025016388
7.518764156887505, 0.7752864201832615
7.528652561960361, 0.773633502251306
7.5387272144260695, 0.771951844147371
7.548399189785325, 0.770351765582712
7.558262608680351, 0.7686979208466976
7.5682773376030275, 0.7670329109101671
7.578014436963664, 0.7654199659164745
7.5880059139003215, 0.7637602068570959
7.5978189002815695, 0.7621357233606768
7.607786496378319, 0.7604879115738877
7.617579474465206, 0.7588721160769365
7.627524379225212, 0.7572316533893034
7.6373378191919326, 0.7556244045842079
7.6473043822909545, 0.7539773938006087
7.657067152529356, 0.7523878027016575
7.666975079910433, 0.7507506327415073
7.677007164546105, 0.7491077041156352
7.686917394245388, 0.7474869130880304
7.696813893529255, 0.7459058607465111
7.70675958354725, 0.7442491424282617
7.716652048708863, 0.7426424398810163
7.726468366488577, 0.7410418946033855
7.736545377690813, 0.7394054026843055
7.7463666588740425, 0.7378126360302192
7.756319782475958, 0.7362006512822197
7.766282145908767, 0.7345893540876492
7.776163249621067, 0.7329934187075977
7.786030313303505, 0.7314053602992693
7.795919859605754, 0.7298095903855936
7.805945160619597, 0.7281992460284061
7.815722439184124, 0.7266264267515068
7.825804437227459, 0.7250130826722246
7.835704119763657, 0.7234243927451738
7.845627054168805, 0.7218344243608971
7.855690220385417, 0.7202531257527348
7.86563195492648, 0.7186400704435895
7.875620085139083, 0.7170484781695201
7.885468488407485, 0.7154938997083322
7.895199273674145, 0.7139381111182682
7.905337584949871, 0.7123327088267705
7.915226918464226, 0.7107637144295543
7.925237556638126, 0.7091836562396464
7.935380559610168, 0.7075705175321603
7.945228110493676, 0.7060160136306673
7.955126830474912, 0.7044652252227395
7.965075189274969, 0.7028930209338549
7.975055297108372, 0.701320107908392
7.985088639756902, 0.6997447030746369
7.9949578701281805, 0.6981979410532992
8.00492114086666, 0.6966401302048658
8.014877182681051, 0.6950851553913361
8.024878326542767, 0.6935178165466037
8.034864378565114, 0.6919659406993106
8.044840767726244, 0.6904062243330394
8.054667539511863, 0.6888825399796925
8.064705222407689, 0.6873224803567687
8.074761398068052, 0.6857578742467092
8.08473057123237, 0.6842132052017558
8.094556928953375, 0.6826932185638926
8.104680522978914, 0.6811338535130987
8.114711476454293, 0.6795800845455346
8.124688214182632, 0.6780423949010175
8.134697622912947, 0.6765017050432288
8.144580800957488, 0.6749824988940641
8.154632572654785, 0.6734548550226721
8.164541197120833, 0.6719266682152765
8.174592021949024, 0.6703851626919373
8.18467715701589, 0.6688389949467312
8.194618896709969, 0.6673240764877171
8.204652019280383, 0.6657905710338271
8.214723782755248, 0.6642565171944205
8.22465839976086, 0.6627453337005795
8.234649118915314, 0.6612282223021299
8.244651870999636, 0.6597124950008965
8.254692065465449, 0.6581887594136518
8.264718297716414, 0.656679921652045
8.274666839248134, 0.6551682835737446
8.284728983601298, 0.6536495370194851
8.294741146071244, 0.6521454624885187
8.304702427106285, 0.6506495079867372
8.314759604413293, 0.6491312051816591
8.324796969144687, 0.6476219900248348
8.334822396987585, 0.6461246782258803
8.344849038743755, 0.6446193093801741
8.354922748613612, 0.6431106994778744
8.364896400942426, 0.6416284512764179
8.374888135785213, 0.6401373535142995
8.385080867748425, 0.6386121710768461
8.394930032178667, 0.6371503048188624
8.405030198921713, 0.6356475049657098
8.41521044409949, 0.634135380361025
8.424950086796812, 0.6326989060955559
8.435178222559092, 0.6312109368813917
8.445194822075287, 0.6296992833094324
8.45523171461932, 0.6282156692912291
8.465307198807949, 0.6267301608927557
8.475334373116077, 0.6252536835466044
8.485510449311725, 0.6237572231839418
8.495432393681924, 0.6223000148787954
8.505482447609028, 0.6208286838924273
8.515499439175212, 0.619358488076928
8.525521440639025, 0.617892263584571
8.535676311381666, 0.6164084629178256
8.54563924508385, 0.6149546363604346
8.555768344646161, 0.6134784472714708
8.565829560106613, 0.612014029442533
8.575915273165391, 0.6105478711764782
8.585891747372958, 0.6091022959211239
8.596016545646174, 0.6076360863976735
8.606123270987025, 0.6061679582391848
8.616116690221688, 0.6047227670596536
8.626267542453867, 0.6032565500122554
8.63626497701488, 0.6018220643486795
8.646497486334727, 0.6003402515591441
8.6565344287632, 0.5988961284636988
8.66660011414852, 0.5974497150790764
8.676301915151619, 0.5960574818734523
8.686706893144, 0.5945659920025482
8.696781337347499, 0.5931247069394889
8.70681056078467, 0.5916899430648852
8.716968363963472, 0.590239617180635
8.72709099347548, 0.5888173070732178
8.737167592612158, 0.5873609453796083
8.747238684444092, 0.5859301853862267
8.757327251711692, 0.5844982847807937
8.767288583208614, 0.5830964252564663
8.777726520495841, 0.5816030794919699
8.787642165050103, 0.5801997347583334
8.797752320031831, 0.5787707952697009
8.807820909268617, 0.5773522123066049
8.817936825780752, 0.5759298683084195
8.828033183608483, 0.5745066322797973
8.838069718252497, 0.5730907911405575
8.848120378145532, 0.5716826494962589
8.858290996724486, 0.5702525109867332
8.868584041799984, 0.5688103957519409
8.878577261589573, 0.5674122536443161
8.88870564442847, 0.5659969854719218
8.898773991235409, 0.5645936589800389
8.909010692165115, 0.5631651011192788
8.919067490761211, 0.5617651695020619
8.929107388161256, 0.5603742022767568
8.93928854186897, 0.5589646374996308
8.949389367882963, 0.557555284200967
8.959318813156518, 0.5561804267031693
8.96965683834518, 0.5547507849277611
8.979792975515906, 0.5533560470434239
8.989932253817623, 0.5519503020488091
9.00004661218674, 0.5505565084901325
9.010186523903666, 0.5491609548110061
9.020279781297612, 0.5477735694348455
9.03044802536227, 0.5463811702025854
9.04052824230871, 0.5450145846862882
9.050800856706418, 0.5435888255252006
9.060851144303877, 0.5422177617176837
9.070862648284434, 0.5408476869009236
9.081146815437524, 0.5394471974980126
9.09131904635071, 0.5380578339431268
9.101375405604198, 0.5366954378509526
9.111596380816975, 0.5353008396429079
9.121730925170564, 0.5339246443975775
9.131882331344531, 0.5325484998765486
9.14197409339005, 0.5311820972383756
9.152142919872109, 0.5298157992763812
9.162374795483565, 0.5284251087323705
9.172635314391377, 0.5270411264484487
9.18269641919529, 0.5256857368768615
9.19275591690944, 0.5243322623065539
9.202983922453381, 0.5229752391552449
9.213143859880214, 0.5215990982244278
9.223286034972093, 0.5202407247090579
9.233485162630863, 0.5188720083259148
9.243560657734985, 0.5175263224526436
9.253682045993896, 0.51617567218798
9.263993543719355, 0.5147998330776589
9.274147523797962, 0.5134549806050656
9.284351725685386, 0.5120853144720983
9.294670750980627, 0.5107142317556846
9.304689513856728, 0.50938837798723
9.314974640258146, 0.5080215158610232
9.324991484760705, 0.5066965895747361
9.335217456075297, 0.5053439410215219
9.345471287184644, 0.5039897358932226
9.35561805907117, 0.5026576622564345
9.365825658720484, 0.501307194498852
9.37595937557718, 0.4999747131187976
9.386176407645657, 0.4986318435936747
9.396428621645143, 0.49728659666626746
9.406532588974565, 0.4959678640124893
9.416809664958892, 0.4946173238362145
9.426876395342646, 0.4933018690710853
9.43716888000622, 0.49195757183026934
9.44741680359116, 0.4906212841485539
9.457505058570916, 0.48931010606549785
9.467711381845266, 0.4879799079896963
9.477984793051112, 0.48664531174705355
9.48809936645577, 0.4853363199361338
9.498322423848244, 0.48403352169961644
9.50848852566048, 0.48269344871088715
9.518735391736092, 0.48137462537229864
9.528908769315617, 0.4800642653245376
9.539116498510875, 0.4787429745205577
9.549343146266102, 0.47742178864447066
9.559613860734776, 0.4761005843658361
9.569869270463148, 0.4747832487495319
9.580025615381178, 0.4734802685653112
9.590291763221996, 0.47216484784318413
9.600453486102673, 0.47086642363711495
9.610669328673744, 0.4695587660604248
9.62095606498049, 0.4682465633788224
9.631021877716009, 0.4669640282313534
9.64117601148932, 0.46566933125701315
9.651670061770835, 0.46433473749859616
9.661802062182218, 0.4630482243674484
9.671979441029986, 0.4617646154044378
9.682260590816696, 0.4604567816512811
9.69264054294954, 0.45914072841096093
9.702730251244308, 0.45786649379890526
9.712985255058163, 0.456571201349532
9.723204669936164, 0.4552860317911357
9.733435215605024, 0.4539977787882897
9.743678509811339, 0.45270675318239656
9.753914071452721, 0.45142863874019484
9.764130846218977, 0.45014030258776644
9.774407181021381, 0.44885285416793863
9.784628329965864, 0.4475745060336916
9.794948706690882, 0.4462838186366661
9.80513665972574, 0.445018086697963
9.81534375118808, 0.4437483200985938
9.82567171774031, 0.44245422992063155
9.83590842798718, 0.44118143316636715
9.846214879055982, 0.4399017048375363
9.856409915042292, 0.4386379500559926
9.866619321810841, 0.4373733160084249
9.876903063896258, 0.43610154369797427
9.887059906658585, 0.43484535377468486
9.897515212151166, 0.43355503948720975
9.907701961831156, 0.4323048912999777
9.917898201458454, 0.4310450117196131
9.928231989537734, 0.42977413130010417
9.938689508647348, 0.42848999959171563
9.948786860503706, 0.42725177418691507
9.95904012553467, 0.4260026561261552
9.969251749782565, 0.42474761319195786
9.979582601572702, 0.4234847815591326
9.989817500233313, 0.4222465381281982
10.000157976805257, 0.42097587716849044
10.010515870369527, 0.4197152586606662
10.020684903335068, 0.41847976022954647
10.030963223321038, 0.4172345886478045
10.041279413788098, 0.41598057785880455
10.051550186615998, 0.41475452719636746
10.06188615729639, 0.41348680215248834
10.072090414803629, 0.41225667079774986
10.08229279171167, 0.41102345514087874
10.092691083277796, 0.4097706188455605
10.102918694432748, 0.4085399965588743
10.11323474554151, 0.40730082127029643
10.123541824919545, 0.4060639175796168
10.133719229497805, 0.40484367397481413
10.14417431330028, 0.40359120974852314
10.154416159527653, 0.4023715642056043
10.16464114765889, 0.4011462093740388
10.174991690213108, 0.3999136345515616
10.185310515829805, 0.3986842153701248
10.195623083328258, 0.39745764935064026
10.205936807213291, 0.39622949940881547
10.21634534805894, 0.3949943509272327
10.226558637594982, 0.3937839307012394
10.23684596933052, 0.39256627640101066
10.247161315793559, 0.3913468575519773
10.257443030414839, 0.3901360837726477
10.267738484416924, 0.38891898348498977
10.278155225406355, 0.38769227457198624
10.288465238431547, 0.3864796900742626
10.298743956992379, 0.38527232424730384
10.308967792768197, 0.3840735761635122
10.319382733702962, 0.38287249066350415
10.32969147999497, 0.38164640466527866
10.340348942855382, 0.38040095263989193
10.350309866753548, 0.37923838588726333
10.360513603931473, 0.37804951933512854
10.371008651768213, 0.3768271631464777
10.38131445727676, 0.37562893472193276
10.391687738869981, 0.37442440987841397
10.401986428837857, 0.37323008107362515
10.412355759809898, 0.3720291044393338
10.422587627025987, 0.3708457531304605
10.432971292857394, 0.3696460060453804
10.443258248391741, 0.368463185919856
10.453617052113561, 0.3672696092367326
10.463985017245006, 0.3660724106782285
10.474288800736616, 0.3648882011945239
10.484635908215804, 0.3637044571255177
10.494958120826537, 0.36251728147049195
10.505315062424705, 0.3613317214285438
10.515606106491283, 0.360155111574703
10.526073365057908, 0.3589596231472057
10.536370727820362, 0.3577903780973046
10.54670283396096, 0.3566112219941308
10.556994916877688, 0.35543863853881225
10.56738370356514, 0.35425772952124224
10.577744157493601, 0.3530826073826849
10.58819341228522, 0.3518983016234609
10.598465491190304, 0.35073594820682935
10.608809207357867, 0.34956700217947345
10.619362550021155, 0.34837593398467803
10.62957853581695, 0.3472244742270706
10.639896196086733, 0.3460654623911951
10.650316412874552, 0.34489154778686354
10.660659750654446, 0.34373025746478175
10.670934067629169, 0.3425811976751268
10.68135724719798, 0.34141184572810873
10.691736224893653, 0.34025028441200345
10.70197098034251, 0.33910765177356056
10.712518301475844, 0.3379307118189798
10.722826556062573, 0.3367824301332929
10.733168748051481, 0.33563303700141833
10.74360663391594, 0.33447220798597754
10.753951141766557, 0.3333254605829946
10.764340488989028, 0.33217320216070123
10.774722687297924, 0.33103232125288745
10.785026978475384, 0.32988876387712274
10.795530187315796, 0.3287262337994059
10.805800242203935, 0.327600571852367
10.816234221741011, 0.3264482369461088
10.826745478141909, 0.32529015512094506
10.837000819998046, 0.32416955718524
10.847534696100388, 0.32300934685436106
10.857869561516024, 0.32187775721309675
10.868179766192368, 0.3207504016799159
10.878467357436437, 0.3196269843829157
10.8889734012064, 0.3184840771139321
10.899308133202723, 0.3173575021329247
10.90974279918335, 0.31622152225619327
10.9201589044843, 0.31509190281620414
10.930548260633387, 0.31396488322486354
10.940965955260173, 0.3128338063387114
10.951351588027991, 0.3117102808493747
10.961764025064575, 0.3105891382899889
10.972230158798192, 0.30945616523780045
10.982544340883184, 0.3083466863757773
10.99307210711562, 0.3072120971002393
11.003393523465531, 0.3061042183154351
11.013815724362871, 0.30498464771441397
11.024239878279811, 0.30386757488612715
11.034632222676983, 0.3027629933006668
11.045034447234256, 0.3016477834377138
11.055372983254598, 0.3005412496308316
11.06589620525447, 0.29941876465457995
11.07629873970127, 0.29831157834477684
11.08677915110055, 0.2971976323907021
11.097146832892248, 0.2960971774086932
11.107553911068823, 0.2949941861200366
11.117968694569324, 0.2938953684221993
11.12868178198353, 0.2927591957741449
11.138834200383135, 0.2916875137900921
11.149255327466154, 0.2905891228728693
11.159706309555714, 0.2894933801884766
11.17009818037079, 0.2884009105374617
11.180627293998153, 0.2872910180969947
11.190988293389946, 0.28620486157077285
11.201403399615888, 0.2851166464602999
11.21185172206311, 0.2840222210552331
11.222328093261323, 0.2829285402483852
11.232731289735153, 0.2818476282972638
11.243219324528784, 0.2807521555092183
11.253630265123661, 0.2796698311350275
11.264018279218577, 0.2786192494167814
11.274466337997461, 0.27750913811001743
11.284962305999882, 0.27642170929311544
11.295424859287909, 0.2753401338811998
11.305831117717204, 0.2742691108146057
11.31621585177896, 0.27319634761410694
11.326764214236706, 0.2721095467901924
11.33724248274541, 0.2710324641819926
11.347649626511934, 0.2699644030947373
11.358072751838828, 0.2688958422801374
11.368568812223133, 0.26782327297063996
11.379018812896346, 0.2667542342113059
11.38948184139524, 0.2656855611040968
11.39994046894795, 0.2646203928386927
11.410402667413729, 0.2635575119968047
11.421015442794694, 0.2624764375663751
11.431360961644769, 0.26142663047842796
11.441686577722734, 0.2603803178453169
11.452177398131766, 0.2593190054656495
11.462690676216987, 0.2582568063494369
11.473306921643353, 0.25718548695413457
11.483691519306113, 0.2561472993136742
11.494160537095935, 0.25508616105433113
11.504628983696987, 0.2540352032205306
11.515125134599131, 0.25298180830405126
11.525470552362357, 0.2519472109432754
11.536100632994085, 0.2508825325746956
11.546540663412966, 0.24983997522081236
11.557067825579743, 0.24879026452905176
11.567507264388839, 0.24775083650722254
11.577986659566104, 0.24670991815914775
11.588477275680399, 0.24566797544170177
11.598958948834003, 0.24463010537478194
11.609430958243896, 0.24359857449995198
11.619955167895212, 0.2425597073323043
11.630456886944817, 0.24151561917647743
11.640925769991728, 0.24048412417320708
11.651523367788904, 0.2394414346209938
11.661922833436032, 0.23842141572324854
11.672417820816873, 0.23739063515430497
11.683018317029779, 0.2363521944131577
11.69357533331424, 0.23531980947214434
11.703962558990462, 0.23430554647064325
11.714412551325573, 0.23329326903959535
11.72480531132727, 0.23227592144419518
11.735489372662364, 0.2312367504631967
11.74591801215923, 0.23022450187965474
11.756560602934806, 0.22919320363497606
11.766977780266412, 0.22818536716346513
11.777549052866929, 0.22716416391992122
11.78802629712259, 0.22615363486515183
11.798539679387783, 0.22516794516468375
11.80900588525996, 0.22413682949071523
11.819530189978734, 0.22312835013462964
11.830061582113506, 0.22211503665759907
11.840608662895015, 0.22110566944227283
11.850921571473735, 0.2201328588903853
11.86157931909579, 0.21910489889702725
11.872117455258477, 0.21810319107966447
11.882624893012801, 0.2171004736791492
11.893198807177539, 0.21610407417123095
11.903729998112176, 0.21509816831625989
11.914224385323106, 0.21410517774380736
11.924854156879098, 0.21310047144972707
11.93531264557668, 0.2121160336244419
11.94591256118003, 0.21111538729501422
11.956352716024307, 0.21013713292124117
11.967042356270081, 0.20913000334325363
11.977659056842043, 0.20813487959711813
11.988059998236464, 0.20716156012585313
11.998452694244616, 0.20619137352302686
12.00908721552955, 0.20520056654279428
12.019663826712142, 0.2042136995061493
12.030208236853737, 0.20323339246576239
12.04079797332394, 0.20225050102741465
12.051219318293274, 0.20128483128676047
12.061855302624302, 0.2003009070648161
12.072373889502412, 0.19933378079476052
12.082949689538552, 0.19835676964908866
12.093487030131863, 0.19738955636863267
12.104060718548293, 0.19641282955390618
12.114524841763236, 0.1954535972950135
12.12512962580595, 0.19448377934782243
12.135772814792006, 0.19350864369463694
12.14630665456045, 0.19255612554889368
12.156829558901023, 0.19159191554950622
12.167355909375349, 0.1906309661778997
12.177983716616543, 0.18966598127922116
12.188431893586113, 0.18871884652583262
12.199025208220757, 0.18776292382771276
12.209640067095716, 0.18680484412225726
12.22029318932197, 0.18584499861134607
12.230828941011145, 0.184892434119792
12.241462464481044, 0.1839368289901957
12.252017008765343, 0.18299451579926368
12.262571579317969, 0.18204515102821833
12.273194281055122, 0.18110269537232115
12.283764736401185, 0.18015237057592903
12.294299359872262, 0.17921674355861847
12.304956649221822, 0.17826816602390866
12.315435289013152, 0.17733706715624953
12.326148139674148, 0.17638764950546032
12.336742677755101, 0.17545082828922773
12.347389342931297, 0.17451111294460303
12.357944162993546, 0.1735958141858281
12.368510438899442, 0.17265198514752575
12.379037891553743, 0.17173115889549515
12.389697802994803, 0.170793859192342
12.400212584214986, 0.1698761694889831
12.410982498446813, 0.1689341808788123
12.421592455489852, 0.16800967132036157
12.432101282713038, 0.1670975256685331
12.442819253816445, 0.16616538774668
12.453236463355681, 0.16526590243032357
12.464164205367638, 0.16431785892354644
12.474518303326013, 0.1634271476792574
12.485122637614706, 0.1625123168910796
12.495707008913383, 0.16160131389514965
12.506359635155015, 0.1606865687716238
12.516984929553475, 0.1597763696009763
12.527599662283862, 0.1588689847879517
12.538263870835568, 0.15795915287717682
12.548905032935545, 0.15705307383397366
12.559474120972888, 0.15615489605353888
12.569926882409126, 0.1552724682288098
12.580707662932594, 0.15435631657900656
12.591414955589002, 0.15345127068221084
12.602074161253732, 0.1525526331971706
12.612615513162794, 0.15166649171749558
12.623236862879962, 0.15077401154248277
12.633967407768033, 0.14987467946998284
12.644540052952832, 0.1489907248551456
12.655148917604363, 0.14810521659446677
12.665938647881473, 0.14720658490868885
12.676448327755235, 0.1463331292387431
12.687109752615003, 0.14544889386911328
12.697807251122876, 0.14456352560375996
12.708333504685665, 0.14370493314985144
12.719026399210517, 0.14281295663773816
12.72968655731881, 0.141936155996318
12.740325664576579, 0.14106524051262248
12.751016809234429, 0.14019672756745463
12.761561232817208, 0.1393297459730391
12.77229772039754, 0.13845411564404742
12.782966878348356, 0.13758236842734556
12.793772995013343, 0.13670707309762184
12.804289671825082, 0.1358696878837007
12.814955977646298, 0.1349944295124466
12.82560340690399, 0.13413365479638095
12.836176049060729, 0.13328266196754354
12.84696742292116, 0.13241520489706007
12.857616039033076, 0.1315621842296815
12.868340677985636, 0.13070502352361948
12.878934800355108, 0.1298608697181136
12.889673562181676, 0.1290058475794123
12.900347271531974, 0.12816029015845817
12.91104153743355, 0.12731170677868803
12.921905338227152, 0.12645340312536407
12.93237476138767, 0.12563045660780806
12.943087853037143, 0.12478575036193232
12.953763426365258, 0.1239482498485609
12.964485085936465, 0.12310914181816886
12.975129062491359, 0.12228988614406233
12.985840935278455, 0.12144392295507607
12.996567710102594, 0.12061035005074845
13.007230811678486, 0.11978614377649234
13.017929541426778, 0.1189595136349099
13.028622128062342, 0.11813608965062586
13.039341425378952, 0.11730755086813774
13.050029302527033, 0.11648904585553191
13.060739849401044, 0.11566725855102805
13.071440225811216, 0.11485020976893451
13.082167780166792, 0.1140373972915104
13.092900791748415, 0.11321815073245411
13.103579219409871, 0.11241055143061254
13.114341548730795, 0.11159548647358572
13.125042537684905, 0.11078983671851594
13.135754479798477, 0.10998374366371892
13.14630765814996, 0.10919405272271054
13.157231742089115, 0.10837560210723994
13.167985113117352, 0.10757370214874598
13.178553526944256, 0.10679007140967232
13.189383155086464, 0.10598451821781185
13.200125241406278, 0.10519040003509991
13.210866265836609, 0.10439896443874525
13.221671961201993, 0.10360297049420342
13.232385393771565, 0.10281717815584392
13.2431457042064, 0.1020301915215882
13.253978226936354, 0.10124019274578124
13.264603916843576, 0.10046785233907227
13.275367880383374, 0.09968700233286086
13.286048358878139, 0.09891483948123962
13.29682242734684, 0.09813871955776322
13.307586641426747, 0.09736446907866908
13.318261840749923, 0.09659960492587626
13.329081576521867, 0.09583145875118024
13.339860335963106, 0.09505871710681034
13.350605719397903, 0.09429587933794331
13.361264688166724, 0.09354352736628418
13.372213002389602, 0.09276844192558689
13.382912762287642, 0.09201571019457679
13.393722454729687, 0.09125762637654855
13.404541009363683, 0.0905013496703098
13.41522023869307, 0.08975964805726064
13.426036587375005, 0.0890059282902024
13.436872202867583, 0.0882557829620394
13.447448054135338, 0.08752748566615477
13.458418506611299, 0.08677152364182558
13.469173913097041, 0.08603431859248702
13.479970353742598, 0.08529679678518512
13.490732772148435, 0.08456667883643658
13.501533858673712, 0.08383156823773569
13.51232170869174, 0.08310225681981437
13.52308709165679, 0.08237669012197243
13.533901713296409, 0.08165063806815649
13.544736003248115, 0.08092828607757263
13.555566274759803, 0.08020395204314668
13.566366843269405, 0.07948667307758327
13.577163944106038, 0.07877236052460043
13.58804477557874, 0.07805497211159797
13.598875297454894, 0.07734368959527071
13.60959597562336, 0.07664363185349383
13.620387030913525, 0.07593904720931953
13.63130583991464, 0.07523002282293892
13.642119021410245, 0.0745307142043245
13.65289091311859, 0.07383681235173378
13.663749614880913, 0.07314013726919728
13.674530211070955, 0.07245118043787396
13.685265103424408, 0.07176920585052038
13.696211412823606, 0.0710741754285901
13.70709177783878, 0.07038745770468259
13.717952195243925, 0.06970472872808205
13.728852465866863, 0.0690225227899467
13.7396545355744, 0.06835142320328423
13.750605747293728, 0.06766988661090576
13.761332930958144, 0.06700816817468064
13.772219365176785, 0.06633770733082694
13.783069291670246, 0.06567472737683099
13.793829608104243, 0.06501767167206739
13.804808571967587, 0.06435315075547032
13.81569382332537, 0.06369429746251061
13.826558432800315, 0.06304302449809823
13.83764074939724, 0.062378549501323745
13.848330578290021, 0.06174230901071809
13.859042848675932, 0.06110808270970687
13.87011825732137, 0.060455096960492935
13.880961866838991, 0.05981919922170732
13.891886032446765, 0.05918626716137698
13.902748309717536, 0.0585514690605917
13.913792157111136, 0.05791375240822402
13.92464735313948, 0.057290353299481574
13.935444082470585, 0.05667401354495124
13.946390530794423, 0.05605170484375467
13.95724521360216, 0.055438473699145716
13.968197249069384, 0.054824070874816444
13.979082708787525, 0.05421568795991329
13.989987019024412, 0.05361178808229542
14.000912565158433, 0.053006133696986465
14.011875401035152, 0.052405155683093965
14.022807484424872, 0.05180780486613171
14.033815681759066, 0.05121116599625817
14.04455496146691, 0.05063207118667952
14.055579984077225, 0.05004579398084691
14.066732942384402, 0.049448207381652134
14.07762761516435, 0.048872334273162316
14.088413431934777, 0.048307572051477565
14.099453758724145, 0.047730066761492544
14.110370086090002, 0.04716465674176067
14.12134851074863, 0.046600013967535145
14.132406821541906, 0.04603491372726927
14.143494972556807, 0.045472641436647254
14.15430265610152, 0.04492859019232606
14.165218920407398, 0.04438472882659665
14.176320563050664, 0.04383260318935556
14.187198639466406, 0.04329733626077374
14.198221129822219, 0.0427592010762501
14.209167266182066, 0.042229074620455304
14.220257700398717, 0.041696350309551156
14.23119335629083, 0.041176858044599834
14.242218831962553, 0.04065468602798745
14.253108905306801, 0.04014641169669076
14.264203079852997, 0.03963048934454373
14.275270325909077, 0.039120837830557295
14.286280966113118, 0.03861909640510957
14.297361301607229, 0.03811892830018909
14.308369225951212, 0.03762680151075458
14.319403934221263, 0.037138312642311946
14.330422148199395, 0.036655624904367495
14.341457896720136, 0.036176917698492225
14.352526543834564, 0.03570163700432216
14.36358124793469, 0.035233607640566746
14.374629537721656, 0.03476896879995639
14.385790766507778, 0.034304817677452505
14.396786100016916, 0.0338545713150175
14.407858337928204, 0.03340516229069192
14.419020685486602, 0.03295724923873532
14.43006223624434, 0.032520379411520584
14.441160833752331, 0.032086856144133334
14.452228019954369, 0.03166028422079735
14.463337424956173, 0.03123771958552913
14.474374078665361, 0.030823955001975833
14.485480643358663, 0.03041315976696269
14.496690130207268, 0.030005465632700748
14.507834530486377, 0.02960503785323549
14.519258025393858, 0.029201715746284607
14.53014039606978, 0.028823683321188263
14.541226263408383, 0.028445165828421097
14.552379568621944, 0.028070306229537458
14.563583823155257, 0.02770069576512832
14.574724287276833, 0.027340246244189473
14.585871565425222, 0.026986021434346995
14.597095287826601, 0.026636241920212342
14.60802733194042, 0.02630324530695068
14.619464659396675, 0.02596105061898446
14.630668220237952, 0.025636229039352455
14.641810441278436, 0.025316074583662126
14.653023640504097, 0.025003574758734146
14.664326623751533, 0.024696590074677276
14.67551529727856, 0.024400646483476167
14.686828373919091, 0.02410953620404847
14.697971968752054, 0.02383097998990803
14.709253076524762, 0.023557369426453575
14.720536359445688, 0.023289805848981302
14.731770846379346, 0.023023266154251792
14.74299371729589, 0.022739906569689203
14.754274379118398, 0.022471690134090345
14.762459366220183, 0.02227710092832555
14.77618035224582, 0.02195716486737036
14.788042185562677, 0.021676362066594852
14.799310923190603, 0.02141950487005598
14.811064473679666, 0.02114386503881937
14.821531826066307, 0.020907584634441097
14.832794487446675, 0.02064826996758
14.845606816778009, 0.020436359405144697
14.854902037095394, 0.02016047588751945
14.867501551907282, 0.019932122281233727
14.878182904576795, 0.019650416387531688
14.889667061706358, 0.019418350381575588
14.900836652622, 0.019139916590158196
14.911665502475294, 0.01891904188565903
14.923515975435697, 0.018660448711110295
14.934676340570329, 0.01841087468519211
14.945756534583342, 0.018191235524270988
14.957298260324489, 0.017937611770468456
14.968496636515969, 0.01770118306093569
14.979279681616118, 0.017484298352124526
14.991155934312935, 0.017233125743240173
15.001645093730776, 0.017017895781890703
15.014061632023331, 0.01676623805651803
15.024936158251219, 0.016554847564564944
15.036490184008334, 0.016322076863259864
15.047163993829733, 0.01611292571602526
15.058697767745864, 0.015881795003932723
15.06973545666868, 0.01566329130311927
15.081290221169278, 0.015468474211429125
15.093034239663869, 0.01524730323462762
15.10417559758339, 0.015003723978505846
15.115216566085863, 0.014793384328212419
15.127030027825286, 0.014576476988552741
15.138108886297335, 0.014374380212086868
15.149460308509681, 0.014156822359878623
15.1609097243204, 0.013949931746581767
15.17167862082936, 0.01375072962482678
15.183066323164502, 0.013546039052511555
15.19472407710607, 0.013352691813039733
15.206529068038423, 0.013181867675122458
15.217280919091007, 0.012939262473138636
15.228583529808898, 0.012743756833299112
15.24004878152249, 0.012545736402158034
15.25094299718529, 0.012358344868138136
15.262728908281813, 0.012186245953533313
15.274070758509177, 0.011968941083007719
15.285317636454405, 0.011778792242785219
15.29678988041095, 0.011590088025539735
15.307378164719218, 0.011425112389603682
15.318158331305199, 0.01124756980173721
15.330408506393846, 0.011042420004787709
15.34195272113746, 0.010857960005808425
15.353481278137323, 0.010675585249266395
15.363959511232611, 0.010511404593146485
15.376247847473206, 0.010322101411736518
15.387505537448156, 0.010154037923357081
15.398965572896433, 0.00997562177541381
15.409998654103727, 0.00980780443504684
15.4213260545821, 0.009637238301043741
15.432815807317674, 0.009473349239785147
15.444715127988768, 0.009291755023532985
15.456145792276148, 0.009127989033748745
15.46690988434036, 0.008969796459037694
15.478224950936486, 0.008808792982078827
15.489684729745091, 0.008655202686365092
15.501075720449583, 0.008489269556024727
15.51272991596323, 0.008327837956912944
15.523848508758078, 0.008207717240899392
15.53519414762651, 0.00802028967254461
15.545593878252742, 0.007888209556400308
15.557126545933578, 0.007727035016872785
15.569648913605564, 0.007602545957929528
15.58020839427396, 0.007424953313966696
15.591734743316922, 0.007277836186853235
15.603549008425313, 0.007134590290102543
15.615043704013695, 0.006986578008827281
15.626696044128206, 0.006863672120662298
15.637918748350634, 0.006700607974665047
15.648406824060855, 0.00657192483698499
15.659536810153664, 0.006492254461199403
15.67090760131498, 0.006314696116142613
15.683733361129622, 0.006157809714096465
15.694927688479275, 0.006019929061973971
15.70570418632266, 0.005896776347302735
15.717227262510294, 0.005764439235807896
15.72755420768894, 0.005669412482942629
15.740659763979293, 0.005510427262329054
15.750967729462788, 0.005390709377921152
15.763059292883522, 0.0052720074142990625
15.775022280574106, 0.0051327777288268156
15.786131843974733, 0.005015615122074613
15.79714901072362, 0.004904227026019225
15.808726929550602, 0.004785794191004821
15.819750864566528, 0.0046680139492273915
15.830964105477635, 0.004556073577918182
15.842708056729764, 0.0044385621213955785
15.854678410087423, 0.004321694536248069
15.8652994081901, 0.004219242415285086
15.87690590041703, 0.004108868087177863
15.887803229938424, 0.004009421955259153
15.900281227992904, 0.0038960249801414503
15.91141243543744, 0.0037925591911395855
15.923675829302006, 0.003697547192701576
15.933674758911527, 0.0036121094876146865
15.945755779742926, 0.0034941194111397576
15.957251085741415, 0.003403566845983662
15.968619482979381, 0.0032921447666289117
15.97924253008101, 0.0032081799941374605
15.993793622660291, 0.0030855776324047804
16.00214544741095, 0.003015444092951785
16.014501629349496, 0.0029170819585629237
16.025719581225633, 0.002849959083334385
16.036765332594406, 0.002773743644681212
16.046961238113596, 0.002668476505019864
16.059799922524846, 0.0025737504586753777
16.071581911625632, 0.0024857327350263298
16.083399641077794, 0.0024046753326960203
16.09418457480951, 0.002333129953372198
16.106232685120368, 0.0022553084967331587
16.116772661980416, 0.0021700999586932255
16.12868321469788, 0.002118729645349585
16.140859817203445, 0.0020141768557222655
16.151995641354606, 0.0019439690341215368
16.162592791369853, 0.0018722801175216524
16.172546973750716, 0.0018096377316409679
16.185918306501218, 0.0017310270941329072
16.197431907867237, 0.0016605177893766008
16.20941869390235, 0.0015908893412782134
16.22001846097531, 0.0015367938903148633
16.231364638877423, 0.0014669267810880722
16.242762138174044, 0.0014041272489737169
16.25468635148958, 0.0013403734762054322
16.26610515654271, 0.0012842301236005147
16.27671821901609, 0.0012677359557924442
16.289061989831612, 0.0011672159780012987
16.300640396685154, 0.001111154315361596
16.312453055816068, 0.0010592613968367858
16.3236272144446, 0.001002656660588402
16.33345230149953, 9.586142500988504E-4
16.345656523209847, 9.056065220142924E-4
16.357893786985304, 8.539209144875559E-4
16.369166038438443, 8.072744708564559E-4
16.380320233671608, 7.629866842219006E-4
16.3924790787198, 7.206401225725662E-4
16.40405602363235, 6.752609829410198E-4
16.414570210655736, 6.417003246248882E-4
16.42637101624413, 5.922934435948137E-4
16.438954574681958, 5.569595596019198E-4
16.449953329077765, 5.236238226111253E-4
16.460361564874106, 4.80519512078371E-4
16.473157377372313, 4.483223411547047E-4
16.485598671822835, 4.1060215761883404E-4
16.49592368128802, 3.8156177111117235E-4
16.50697247583695, 3.4680263106681177E-4
16.518254250720002, 3.1756110132017594E-4
16.529580932606628, 2.8977735766667277E-4
16.54287449200053, 2.5868700467291826E-4
16.553250776515547, 2.360161727898364E-4
16.564744216735097, 2.1221571305878576E-4
16.576390185139967, 1.8935693317334652E-4
16.588222259941762, 1.6603774409859048E-4
16.59914474886077, 1.497436820914917E-4
16.610910093355972, 1.2790323296553904E-4
16.62257761231169, 1.1446259688526512E-4
16.634614572835783, 9.279784066605605E-5
16.645393805368585, 7.923497825610804E-5
16.65656358209303, 7.160857437169815E-5
16.66912001076464, 5.220416965499545E-5
16.67976901270224, 4.251987133414837E-5
16.69100088664495, 3.260259937155789E-5
16.7029181258189, 2.4103652276309452E-5
16.714531364216956, 1.6297863516494085E-5
16.726153093578066, 1.0824169550337757E-5
16.73721837352851, 6.145440315594914E-6
16.749931065701393, 2.550250860846855E-6
16.762102876569198, 5.112476207957064E-7
16.77211193709345, 1.8182935103600916E-9
5.860702851100556, 1.0908962486886202
4.866477771622902, 1.3306750428416627
