1.9068515510643296E-8, 3.9994476638855305
1.3957219060125937E-5, 3.985070212542373
5.9612270030441236E-5, 3.969176019206932
1.6051769861816676E-4, 3.9494822859033922
2.6078585354233385E-4, 3.935665324273975
4.0885126067544234E-4, 3.9195285683061316
5.746024946792683E-4, 3.9046911319960147
7.805411795875419E-4, 3.8890278728740806
0.001026222420087364, 3.8728873964484176
0.0012889958472643106, 3.857678642612447
0.0015738463221736127, 3.842886918206535
0.0019532613733055566, 3.8251703946330897
0.00230991297573524, 3.81006369685754
0.002713802052562561, 3.7943371410729774
0.0032109655863847082, 3.7765494351447253
0.003521410341657828, 3.7661555209082236
0.004093185210067725, 3.74818116251265
0.004647782744405393, 3.7319491873859283
0.0052213954453817065, 3.7161844996585165
0.005829363079496113, 3.7004283000952003
0.006399816239691519, 3.6864044102803804
0.007104610964751246, 3.669949193633189
0.007773644296345292, 3.6551005538265384
0.008436089812309923, 3.6410433340359356
0.00926941311564204, 3.624158247540983
0.009980829619361978, 3.6103644211602104
0.010886349215401164, 3.593535672390242
0.011715131459476525, 3.578769288019879
0.012617896973664453, 3.563300245886339
0.013439399630810853, 3.549725701220926
0.01443215257430725, 3.533896575130851
0.015447977414796352, 3.518288406817245
0.01647728522551745, 3.5030217724415187
0.0174283979637603, 3.4893617663535395
0.018557966721587955, 3.4736474533843915
0.019581055300090223, 3.4598517592993865
0.02081939843230339, 3.443662249194027
0.02196498265749902, 3.429141465478917
0.02307933306019841, 3.415403984734158
0.024405125176236657, 3.3995195333917994
0.025630248372259135, 3.385252255343028
0.026983862176010634, 3.3699132458674055
0.028147747173326132, 3.3570561328811954
0.02971063174500165, 3.340239741917138
0.03099658069079241, 3.3267627480381154
0.03256494874388167, 3.3107345116590308
0.03390566688059097, 3.297366007330981
0.035325017510457433, 3.283526986010428
0.03688082254997732, 3.2687056076415315
0.03840959413210973, 3.2544749628561624
0.040207551585372696, 3.2381347211229743
0.041937387928136, 3.2227925858020554
0.04308112778182053, 3.2128413765598447
0.044978629113914606, 3.1966520022639533
0.046480122377994926, 3.1841101565002874
0.04852214949532203, 3.167412399279634
0.05024935034029105, 3.1535946757611324
0.05206820023876813, 3.1393299004943724
0.053729018930194605, 3.1265481828021424
0.055565657432759354, 3.1126709024764336
0.05766076691190481, 3.0971545094671775
0.059625689829392765, 3.0828908039620537
0.061638527445257996, 3.068554221293898
0.06372541769424449, 3.0539696635101388
0.06548069554295068, 3.0419128528050057
0.06773758383695395, 3.0266797845811864
0.06971673397616779, 3.013559670079569
0.07177082747653554, 3.0001677108216014
0.07427218531114117, 2.9841552351731027
0.07621229399731277, 2.97194932533586
0.07847682318738748, 2.9579282204939568
0.08059264233501437, 2.9450389107308115
0.08261609481225121, 2.9328954691835643
0.08506603206149943, 2.9184227648268273
0.08739011702678466, 2.904917338300545
0.09000976315823904, 2.889944677201721
0.09228440347056419, 2.8771504785351163
0.094725970603374, 2.8636225916566733
0.09750872054437298, 2.8484532659267776
0.0997354094249585, 2.836498871479932
0.10219300056622803, 2.8234874015092566
0.105081108885463, 2.8084324509339695
0.10744512761836753, 2.796292183872337
0.11022060268957823, 2.782241068572711
0.11317010808725243, 2.7675395014956665
0.11556774770208104, 2.755757480336337
0.11846265429927279, 2.7417264890198227
0.12102777110712251, 2.7294659371543655
0.12415993354351468, 2.7147065158328636
0.12674763842597947, 2.702682255511392
0.1300159959683798, 2.6877067588440813
0.1330257215173506, 2.674118067045139
0.13542818100040258, 2.663405458347508
0.13837897665448443, 2.6504059841335343
0.14166612515645124, 2.6361236971580837
0.14422604674703232, 2.6251418660801025
0.14743591491174987, 2.6115405283088737
0.1506065721038698, 2.5982840689937987
0.15366908258974457, 2.58564315122384
0.15681130952111297, 2.572834998985565
0.1600725603524655, 2.559709799713663
0.1633125179270424, 2.5468347770247193
0.16651718538417867, 2.534256493537788
0.1696361518093091, 2.522159769900013
0.17286008607173034, 2.509802246684391
0.17671357952252204, 2.495221006728829
0.17995158621875504, 2.483123551472723
0.18303996081912544, 2.471713173467859
0.1867379635986096, 2.458210434868519
0.19038098279729676, 2.4450742118378908
0.1935725026829855, 2.4336974949259664
0.19761081855133716, 2.419473282582481
0.2011275301448585, 2.4072377669994927
0.20433857259188284, 2.39618560299276
0.20792109515231313, 2.3839864684628007
0.21177596392427236, 2.3710110623715623
0.21517134921260292, 2.3597087148807643
0.2191859616397944, 2.3464939457875587
0.22275369537302983, 2.334882109176427
0.22653226647485084, 2.322716029650085
0.2304456159432555, 2.31025555891971
0.23447589461025836, 2.297567452333202
0.23833038491553699, 2.2855666617148547
0.24215345922322365, 2.2737898374369494
0.2463467892986202, 2.2610134095414764
0.25024725431442585, 2.2492584814746546
0.25390774906426844, 2.2383373620451756
0.2589340403050256, 2.2235115669888814
0.2621511847482349, 2.2141231195177413
0.2659472065239278, 2.2031444276856686
0.27117373986871307, 2.1881999431301633
0.27447335378191384, 2.1788651698623576
0.2788741149146672, 2.1665327981207465
0.2824798246380338, 2.156526580982722
0.2875816420431562, 2.1425160783154413
0.2908713393620625, 2.133571770504506
0.2958990982612825, 2.1200347706478806
0.3002828580922509, 2.108360019697611
0.3045320286708778, 2.0971552011368826
0.3092007027527675, 2.084967971214928
0.3131142509140916, 2.074849741383222
0.3183349937556079, 2.0614876572949146
0.3228590724029553, 2.050031503393972
0.32721306521859356, 2.0391114408370417
0.33215701811143394, 2.0268344181738582
0.336301791884922, 2.0166404652773604
0.341423760483761, 2.0041646461063722
0.3458821492885654, 1.9934123006790139
0.3497998862528527, 1.9840445776789413
0.35580756136886205, 1.9698232818938708
0.3602863934981601, 1.9593319382927805
0.36489265113908703, 1.9486388527508895
0.36926689874283775, 1.9385735038685679
0.37460832368556407, 1.9263981245872461
0.3793888666104834, 1.9156068418023364
0.38436653216858657, 1.904474495265088
0.38960221213825946, 1.892877278507774
0.39451568865291664, 1.8820963330423397
0.3999741961006493, 1.8702336683764345
0.4044567345445746, 1.8605802138161818
0.4095151110917176, 1.8497804026761206
0.4148239661148484, 1.8385507939070613
0.4197075900532613, 1.8283138644970345
0.42546788785287154, 1.816351906213507
0.42963910695826685, 1.8077646417459696
0.4353900696662762, 1.7960262988570272
0.4408825356765558, 1.7849230911772818
0.44683542514847213, 1.773005437588389
0.451974204124648, 1.7628131330851373
0.45697460564146036, 1.7529787309657303
0.4623105384616011, 1.7425736733612993
0.4684845657604511, 1.7306472710756085
0.47407557599533146, 1.7199497226753886
0.4789949686586946, 1.7106164724015238
0.4836252145120941, 1.7018985147456511
0.48979440051240325, 1.6903818892525047
0.4970390140224903, 1.6769992582105542
0.501584499557256, 1.6686792782489084
0.5077131995891133, 1.6575533455763927
0.5127316358146714, 1.6485203703814209
0.5189446033864601, 1.637432213306667
0.5245710938848284, 1.6274798798984178
0.5298025071536472, 1.6183011565686343
0.5357663627483185, 1.6079238458131784
0.5409373762662009, 1.59899957606389
0.5471936802623668, 1.5882920455002598
0.553216268761859, 1.578075885487526
0.5593517599036211, 1.5677588466786385
0.5652304601462903, 1.5579580477531854
0.5719623943387282, 1.5468345773003058
0.5775730404547597, 1.5376439874543193
0.5830560402819832, 1.528731786946766
0.5897563161574352, 1.5179325812209785
0.5960406914591334, 1.5078938258864913
0.601517147058835, 1.4992156863781745
0.6081521239175527, 1.488787768366755
0.6147545062951133, 1.4785032247932925
0.6218698433882128, 1.4675208623445164
0.6271054569052129, 1.4595058435570538
0.6338763902733275, 1.4492222105587953
0.6404931831821374, 1.4392604626642742
0.6466003235245744, 1.430141839975752
0.6526823067990466, 1.4211320737398814
0.6593522893729804, 1.4113318722623232
0.6657634140004981, 1.4019903483588365
0.6717318711647259, 1.3933618586988337
0.6789335147205954, 1.3830366359439663
0.6857391639941851, 1.3733643929414043
0.6920661568873598, 1.3644456090787973
0.6986923044173291, 1.3551796499359279
0.705750927379937, 1.345391595689501
0.7124373443445985, 1.3361972004102878
0.7194899280375875, 1.3265798424913466
0.725674839033862, 1.318212818036153
0.7316303322893778, 1.3102146433339938
0.7393185051613574, 1.2999732066224452
0.7462214634347436, 1.2908570231830503
0.7536899224305987, 1.2810772519921607
0.7601229817889426, 1.2727216987956762
0.7676010061702653, 1.2630873311043163
0.7738840594635589, 1.2550568469654881
0.7814061172343573, 1.2455189759712604
0.788283661011385, 1.2368700584888401
0.7951518713084503, 1.2283003267477288
0.8027582743617436, 1.2188871285491742
0.8106743970731596, 1.2091760487227743
0.8176674380329421, 1.200668819215529
0.8245602076614207, 1.1923483026945958
0.8307450216890909, 1.1849364217999725
0.8393841563863819, 1.174667727768458
0.8453597371431243, 1.1676218734162942
0.8536082283556765, 1.1579713882845604
0.8612710101547055, 1.1490834930059168
0.8684759108452419, 1.1407937122768244
0.8758694176784322, 1.1323535992458569
0.8841409959307097, 1.1229901168923062
0.8913903037728023, 1.1148515630255507
0.8985002681103483, 1.1069301065854988
0.9066410724902975, 1.0979330028366572
0.9132415951149159, 1.090694601049486
0.9213284051549742, 1.0818942694417977
0.9287403662321462, 1.0738933057491575
0.9369710389924872, 1.0650804641079394
0.944873771016784, 1.0566890613780373
0.9519048045847287, 1.049280447391782
0.9613742031233155, 1.0393865374143771
0.9678152568174578, 1.0327111782600271
0.9760345260652225, 1.0242561394342669
0.9840640909342526, 1.01606390759907
0.991844168502941, 1.008189226612635
1.0020004904320328, 0.9980015085499788
1.0082282897633787, 0.9918054240513954
1.0170580547620693, 0.9830862060510362
1.023121352561305, 0.9771428997045823
1.0321213245048915, 0.9683864423948068
1.0391306328029504, 0.9616203477334933
1.0484733288067567, 0.9526738633900101
1.0567886851510127, 0.9447795700813242
1.0653133764085723, 0.9367526075040916
1.0730746174683352, 0.9295020189136335
1.0816242976637183, 0.9215775716497553
1.0900069846406917, 0.9138710009530117
1.0982359349528787, 0.9063658320935285
1.105855975149558, 0.8994684986570597
1.1138877189323064, 0.8922525496031397
1.122944406449233, 0.8841815559010062
1.1314322575503202, 0.8766800766583328
1.1408129635533433, 0.8684591138759208
1.1492714874242778, 0.8611082677242108
1.1577730769326575, 0.8537785101467606
1.1656995439773006, 0.8469968795609589
1.1750262856596554, 0.8390811095124193
1.1845239561641525, 0.8310904493070143
1.1931354732670212, 0.8239058418248446
1.200807663479504, 0.8175528664511514
1.2103555831104267, 0.8097091158550954
1.2209991325129679, 0.8010459517419898
1.2276898431813883, 0.7956431950850246
1.236787598435354, 0.7883494933286117
1.2452805823225255, 0.7815949619903311
1.2540001058053087, 0.7747142595029163
1.263748162240506, 0.767086000609048
1.2726888312084823, 0.7601483827099077
1.2810919346030938, 0.7536786605966771
1.2903636992930931, 0.7465966290429586
1.3008243939487518, 0.7386768400899303
1.3053462273170024, 0.7352762456786425
1.317225731884918, 0.7264075357287374
1.3265076129742164, 0.719543123466243
1.3362427488011297, 0.7124040858698553
1.3446545079792551, 0.7062849530959789
1.3550328961392903, 0.6987976853462783
1.3645726981843602, 0.6919756504014292
1.3706004333044948, 0.6876946118222907
1.3826623604602468, 0.6791957912834286
1.392532122611015, 0.6723081912941712
1.4016249014274287, 0.6660152867274522
1.4103234680178525, 0.6600418460205167
1.4199813019879997, 0.6534625690123288
1.4308197095990753, 0.646144657562082
1.4398112770449245, 0.6401258256097169
1.4475761073129239, 0.6349658262900795
1.458758120544318, 0.62759574191233
1.4683172608507835, 0.621351594208143
1.4783222107256624, 0.6148712372284895
1.4888494320799353, 0.6081127137884267
1.49848223348507, 0.6019818775409269
1.5078222408300823, 0.5960856993122744
1.5171076018646574, 0.5902707231122749
1.5270034536139387, 0.5841242058654142
1.5365267996163792, 0.5782580701239904
1.5483487850746058, 0.5710422281912855
1.5571577807388637, 0.5657126501357215
1.567540732741202, 0.5594820545846418
1.577230432190668, 0.5537170286999709
1.5871398024129553, 0.5478703277165202
1.5975099107631858, 0.5418043643324038
1.6072627025929322, 0.5361481070146668
1.6172888960827774, 0.5303819441792498
1.6280238584719895, 0.524262330387842
1.63831120827942, 0.518449947222562
1.6484274641484984, 0.512783451332192
1.6582988951310536, 0.5073007081679813
1.6681368165849422, 0.5018819772105744
1.680276071581561, 0.495257542655654
1.690024899881216, 0.4899865925127544
1.7009064480614302, 0.48415428134094435
1.7113886842884676, 0.47858647623440426
1.720149191475114, 0.4739708621003087
1.7315737468019452, 0.46800272050894737
1.7421973899769427, 0.4625043837850975
1.7523711370091666, 0.45728490615827844
1.763557465900604, 0.45159742704398026
1.7740732475282361, 0.44629960739938973
1.7842682403362273, 0.4412080829564101
1.7976345987812357, 0.4345987439225558
1.8057667506762978, 0.4306139146333296
1.8175194206266512, 0.42490310477157095
1.8277272759348562, 0.41998870838578334
1.837963523691404, 0.4151029889678284
1.8492403404247637, 0.4097692772793572
1.8604016432432842, 0.404539998013216
1.8709064889756577, 0.3996631363536485
1.8815531152876006, 0.3947644511780006
1.8934072823637904, 0.3893618139995758
1.9047615951875632, 0.38423756906458917
1.9138785155678923, 0.3801585868864383
1.9265532664914382, 0.3745399142143554
1.9373288157973216, 0.3698104231238725
1.9483966635677452, 0.3649974644163964
1.9591022915878478, 0.3603848790543696
1.9711468826152414, 0.35524534129136753
1.9811807683726956, 0.35100383563220405
1.993676054470157, 0.3457722954173779
2.004622369448932, 0.3412348750969067
2.0180551408455303, 0.3357244347418734
2.0266412781192047, 0.3322352116442053
2.0392374493740504, 0.3271625907972822
2.0512372202362434, 0.32238083141134166
2.063531302071155, 0.3175326218469348
2.072879168828699, 0.3138804102544983
2.0852706463026305, 0.30908415858929766
2.096335456007212, 0.3048445170420658
2.107466540672366, 0.3006201804904594
2.118849905012238, 0.2963419848634119
2.1303025454950264, 0.2920801509711229
2.142983263757717, 0.28741051464739
2.1548089195163764, 0.28310195201007693
2.1669074236643895, 0.27873973085619025
2.177650561127585, 0.274904676537824
2.189362159455773, 0.2707648128463276
2.2020068037882443, 0.26634265724053807
2.2132633393448606, 0.26244714074506104
2.2247788445057615, 0.2585018217643448
2.2376653343615414, 0.254134157056232
2.250315587824689, 0.2498948188123171
2.2616494236969165, 0.24613691193612183
2.2746200703185555, 0.24188262160616458
2.287247066128354, 0.23778815990759478
2.297564326697788, 0.2344768931236517
2.3098371013396815, 0.23057780258996433
2.322205343934412, 0.2266917886258364
2.334690564634115, 0.22281286345701762
2.3470646229107937, 0.2190115906196485
2.3571670954212713, 0.21593973220304077
2.3700289229239937, 0.21206962078632052
2.3840306920250303, 0.2079080351795168
2.395594026112679, 0.20451137298949004
2.4087292996489245, 0.20069669709416724
2.420546555964559, 0.1973042422318739
2.4323045884083636, 0.1939655935689666
2.4455854559904724, 0.19023835963782004
2.45696126926787, 0.18708245797606637
2.468849990089443, 0.18382016983949542
2.48340127703717, 0.1798768317292342
2.4976417158466524, 0.1760701190404881
2.5085998176212674, 0.17317583165629666
2.5219031696399985, 0.1697027072616286
2.533539483933503, 0.1667010422156634
2.5466629023750254, 0.16335604479717544
2.558761886353622, 0.16030971558154128
2.5724361226417023, 0.15690980266862958
2.5875179085790965, 0.153212465311304
2.5977711654023072, 0.15073008856427328
2.610642114030383, 0.14764947714101953
2.6235653470596794, 0.1445958647303429
2.636835417520148, 0.14150119360815852
2.6502282259866963, 0.13841959736537132
2.6651055051039814, 0.1350451622232434
2.6766808707959275, 0.13245487128041264
2.688266381350887, 0.12989294721234354
2.7024594423335455, 0.1267958957903734
2.716416540873268, 0.12379455459403887
2.7299971752211842, 0.12091593774657226
2.740828390719751, 0.11864942518914436
2.7546104619748193, 0.11580278351348967
2.7682818061419106, 0.11302006085566156
2.7809600076218843, 0.1104757581876538
2.794562009462509, 0.10778459792859856
2.8071022757812543, 0.10533859653233076
2.8220302517204083, 0.10247044266099842
2.835965390912822, 0.0998354742169488
2.847773765843369, 0.0976344892436703
2.861857335169862, 0.0950473509366862
2.875070329115665, 0.09265739079860619
2.88929535004977, 0.09012440052979784
2.9036733662074505, 0.08760603531060789
2.9182814076766896, 0.08509016764637463
2.9294127190478316, 0.08320183237735848
2.9422666481788444, 0.08105200564932284
2.957837330917596, 0.07849162840478104
2.970618692301677, 0.07642555047377841
2.984338342749909, 0.07424330114602783
3.0000370480274015, 0.07179103850677938
3.0126661936781374, 0.06985270786057596
3.027798110444239, 0.06757040101491145
3.04145676131512, 0.06554763195843666
3.0561562647880227, 0.06341000622777353
3.06788412179836, 0.06173354185977579
3.082588290451429, 0.05966776924211774
3.09426284882341, 0.058056087991650594
3.1119571455827266, 0.05566106836745534
3.1247046808544305, 0.05397099235569818
3.139530555363565, 0.0520423623704338
3.153374495323334, 0.050277148026639136
3.1684407573595945, 0.04839496272080495
3.183335221117405, 0.04657380308762193
3.195958929336187, 0.045060882980121654
3.209828362464066, 0.04343081561913422
3.2253342222547894, 0.04164801278846622
3.2401833550831762, 0.039979630095193654
3.253805017574163, 0.0384824134776138
3.2690180199920724, 0.03684764590151464
3.2830232147770606, 0.03537729100063968
3.297584108404169, 0.03388355465976898
3.3119475148507074, 0.032444768260709814
3.3234111737396925, 0.03132102208666457
3.3376660385866255, 0.02995390568305797
3.3555953889246153, 0.02828167769361296
3.3698392565436763, 0.026990483438048687
3.3825611588258533, 0.025864988586548596
3.4006454724417163, 0.024309826671015534
3.4141993495690017, 0.023178473323012705
3.428795762569637, 0.021992659940663236
3.443953148172826, 0.020796786437932833
3.459081024248773, 0.01963908362040566
3.4741937318531915, 0.018518060953131223
3.4881922204299927, 0.017511158647212845
3.5031983800611313, 0.01646517518611715
3.516931906083379, 0.015538002458929008
3.5334806516712174, 0.014458745416423243
3.5479143439132077, 0.013551099244729213
3.563854884382702, 0.012584915025015747
3.578857120624352, 0.01171010672343056
3.5944504345217627, 0.010836061918933465
3.6094628215661166, 0.010028293585902088
3.6258030276081996, 0.009186426929707163
3.638596309285118, 0.008554307529040635
3.6549323593121845, 0.007781402975899903
3.669851899887434, 0.0071088924390604975
3.6854274643589684, 0.006440589142714046
3.7011169592693416, 0.005802063288185873
3.715997869006333, 0.005228393519380803
3.731685543901683, 0.004657091616359114
3.7473679732592022, 0.004120103524743337
3.761617024070366, 0.0036615985006975232
3.7773584604786814, 0.0031874199330141676
3.7943777998959702, 0.00271271479795097
3.8090763441848132, 0.0023342895914240346
3.824020641063805, 0.001979330956776424
3.8400265483818226, 0.0016322756937510907
3.856590647165507, 0.0013089619139773283
3.8718190482862807, 0.0010436879688175938
3.8893855924294023, 7.754817146867459E-4
3.9036895313876294, 5.868177566044466E-4
3.919274035504354, 4.1145505319024547E-4
3.934679666321476, 2.688714896621544E-4
3.9510112309658014, 1.5091931066439247E-4
3.966291632521253, 7.131669141474087E-5
3.982969304249061, 1.816648146371558E-5
3.9991101014096224, 4.950047527579004E-8
