4.9081849695653545E-12, 0.999997796432741
1.1177570224563116E-5, 0.9966567317463882
4.6453223931763876E-5, 0.9931844679214141
9.879718238072627E-5, 0.990060349985686
1.7483126238454494E-4, 0.9867776596085115
2.692286064016115E-4, 0.9835918244603039
3.8456739702414933E-4, 0.9803896443865187
5.215611672544293E-4, 0.9771623147156602
6.755464065367756E-4, 0.974008806562123
8.490985137253049E-4, 0.9708607133653684
0.001042979164857572, 0.9677048362986471
0.0012544138512413088, 0.9645824433528667
0.0014869892200374498, 0.9614385451038006
0.0017280799895758453, 0.9584298729546646
0.0019952753534860646, 0.9553315105802208
0.0022753376541768677, 0.9522995096484166
0.0025702981818971626, 0.9493019436004816
0.0028898348914660962, 0.9462428606135184
0.003224789742877411, 0.9432127741597975
0.0035713454280047185, 0.9402392835871659
0.003936129667645005, 0.9372614374602355
0.004322738862252928, 0.9342524817594773
0.004712265467371829, 0.9313540913958962
0.005117328976139479, 0.9284645242688763
0.005544540780253543, 0.9255383420440819
0.0059840954752316475, 0.9226430905568128
0.006436139455627432, 0.9197744587005585
0.006905278713962716, 0.9169020056901499
0.0073876965582628795, 0.9140483417803156
0.007879804561062131, 0.9112317657152613
0.008394891601364363, 0.9083763766489987
0.008902800261730619, 0.9056453734169938
0.009452347438959896, 0.9027768456268369
0.01000443567758167, 0.8999778362858222
0.010562751332451126, 0.8972248322582917
0.011134948296955494, 0.8944778226235423
0.011726824287985604, 0.8917095529331226
0.012325819915764077, 0.8889783085164195
0.012947617145526363, 0.8862124552846359
0.013552614792948392, 0.8835843301274409
0.014198804075372017, 0.8808412976521918
0.014840900427470438, 0.8781769019035064
0.015497618368844175, 0.87551062789228
0.016170436468638527, 0.872837043943723
0.0168525927280817, 0.8701824881553949
0.017544037945709356, 0.867546147676855
0.018246903159200512, 0.8649189068831152
0.018961439010542508, 0.8622995303834858
0.019687759815091244, 0.8596869315777962
0.020411760870761464, 0.8571303915346503
0.021164391552843966, 0.8545201890987929
0.021926547381164674, 0.8519239428428143
0.02269919567130886, 0.8493374918170402
0.023464810480432193, 0.8468177454068645
0.024255793905572143, 0.8442573238450523
0.02505857888951432, 0.841700999190536
0.02586287974263586, 0.8391806376894846
0.026672161762402724, 0.836683920152749
0.02750233744032282, 0.8341617280352607
0.028343322747792804, 0.8316453348731261
0.029179787715791633, 0.829179089333929
0.03003329633349139, 0.826698900598947
0.030895352774280294, 0.8242293228091576
0.03175914639712857, 0.8217891212411527
0.032666766412606685, 0.8192606444926399
0.03353660058825281, 0.816870003637635
0.03443955757056577, 0.8144210694261863
0.03533655825495702, 0.8120198118413345
0.036265749173816975, 0.8095644065205823
0.03718007933610443, 0.807178673502545
0.03811227490863575, 0.8047763592376795
0.039047487621857196, 0.8023956612983515
0.04000027168510941, 0.799999362163533
0.04095563632491889, 0.7976251052597645
0.04192424181131184, 0.7952459873875144
0.04289241970170482, 0.7928952721904198
0.04386776750059518, 0.7905536911371064
0.044858775529124026, 0.7882011386655947
0.0458303958031096, 0.7859196713559667
0.04686021257427836, 0.7835279000772241
0.0478829974359825, 0.7811781801887366
0.04888466321611307, 0.7789013043858102
0.04992168636023156, 0.7765683943140359
0.05094412414036605, 0.7742920133692558
0.05201245972244778, 0.7719376566574452
0.05303903216653441, 0.7696980048746266
0.05409733868096451, 0.7674117189844757
0.05514575052233134, 0.765168692561285
0.05624622194277626, 0.7628371731909351
0.05731608591776022, 0.760592225200313
0.05837981822937888, 0.7583808489517277
0.05946273416941198, 0.7561502474216514
0.0605695256541925, 0.7538912879729867
0.06167165149607452, 0.7516623197889227
0.06277705004799447, 0.7494465323896025
0.06389397119116291, 0.747227497853625
0.06501055011936381, 0.7450283549189177
0.066152560599617, 0.742798634511541
0.0672831189340025, 0.7406102157012457
0.0684261397491722, 0.7384161164069453
0.06957159636031954, 0.7362357404607094
0.0707188536508227, 0.7340698883297442
0.07189164799988124, 0.7318738314506257
0.0730532324418014, 0.7297164331012499
0.07423901745349429, 0.7275316606176635
0.07539079505140026, 0.7254261986394366
0.07658722837336113, 0.7232560563247055
0.07777753905966484, 0.7211137899332074
0.07894556167891831, 0.7190274965432121
0.08017086353969805, 0.7168554099956848
0.08138980743680804, 0.7147110403630583
0.0825944875639113, 0.7126075488415696
0.08383629932320832, 0.7104550325050968
0.08504937367942575, 0.7083677641660118
0.08627592146735047, 0.7062723770061797
0.0875224563108418, 0.7041581047610559
0.08875666243240452, 0.7020794778528808
0.08995425164256315, 0.700076279251029
0.09124292585429955, 0.6979355803076444
0.09250999040545166, 0.6958455356286456
0.09373984176212208, 0.6938304572904357
0.0950436149951363, 0.6917085976846846
0.09628985949307617, 0.6896939481536499
0.097603756751309, 0.6875840091090762
0.09887763091135682, 0.685551876852471
0.10019109352969552, 0.6834702649576229
0.10148207025119836, 0.681437504971407
0.1027843476748379, 0.6794000420984817
0.10407533292756599, 0.6773930004133849
0.105390527531035, 0.6753609625748987
0.10669349220992308, 0.6733603198430694
0.10801503229967711, 0.6713436619623826
0.1093178316804726, 0.6693675397929579
0.11067230770299584, 0.6673255486180867
0.11201422890042916, 0.6653148009091696
0.11334186083837997, 0.6633371938881196
0.1146795997501685, 0.6613562575148446
0.11607120937338208, 0.6593077752372264
0.11737459688339799, 0.6574002619296812
0.11874624614551489, 0.6554042529367102
0.12010981313358299, 0.6534314076477092
0.12147523248040488, 0.6514670639468179
0.12284171982846022, 0.6495121915803759
0.12423170090771538, 0.6475348699846055
0.12559359477287663, 0.6456081632547481
0.1269888364446932, 0.6436451592315279
0.1283699766880224, 0.6417125249801895
0.12977840080361286, 0.6397523916460316
0.1311702798155498, 0.6378257436400548
0.13257517776769406, 0.6358912934158351
0.13397753107991525, 0.633970741296629
0.13540250443991947, 0.6320292243827715
0.13678637152352105, 0.6301536048584588
0.13821825966871165, 0.628223016924632
0.13962052633915495, 0.6263418384691951
0.14107103633978435, 0.6244057720332601
0.1425084777659958, 0.6224970663850611
0.14394533423181238, 0.6205987436608983
0.1453795500311134, 0.6187133100117793
0.14682628608637238, 0.6168208788377971
0.14826034622311318, 0.6149541121225586
0.14973136680218052, 0.6130486806755737
0.15119179270631264, 0.6111661552200812
0.15265043480037405, 0.6092950090149228
0.15412106137861856, 0.6074174681155623
0.15555980612894202, 0.6055893098221956
0.15702812536509597, 0.6037322595808718
0.15853186019733845, 0.6018394677045947
0.15999355470117946, 0.600008059754418
0.16146732487514598, 0.5981701710366042
0.16297823873444095, 0.5962944300740152
0.16447540073905176, 0.594444379152627
0.16595525993805807, 0.5926239610610018
0.1674512812620687, 0.5907919711528294
0.16896750689791667, 0.5889434869365907
0.17044501501394468, 0.5871502126608351
0.17198128155055953, 0.585293754213979
0.17349120677428498, 0.583477275923839
0.17500250284125546, 0.5816670254086408
0.1765350148535933, 0.5798393426472367
0.1780290550796299, 0.5780651158907294
0.17956554402430558, 0.5762483351548614
0.18112770152256674, 0.5744090253515378
0.18264103555509809, 0.5726347792666346
0.18416819821256866, 0.5708518205091333
0.18571808513524257, 0.5690498945684042
0.1872406882129731, 0.5672868707333596
0.18879649820583816, 0.5654928633389148
0.19035195304455366, 0.5637065952983487
0.19191554935649946, 0.5619183363427677
0.19346953073795017, 0.560148321854525
0.19505576081598724, 0.5583488490971336
0.19660339038661226, 0.5566001994710846
0.1981699156578364, 0.5548372080538018
0.19973516784369383, 0.5530826038071717
0.20130618404900855, 0.5513284669637032
0.20287774691964072, 0.5495804812239031
0.20447096735567466, 0.5478153449079491
0.20606191412353128, 0.5460595773997124
0.2076383129751943, 0.5443266274650135
0.20923119976551777, 0.542582037812817
0.21082245186624965, 0.5408459752139531
0.2124299330959006, 0.5390987911643145
0.21403300590534646, 0.537363006920884
0.21562628814334062, 0.5356442299321577
0.21723878846643646, 0.5339112086321766
0.218846345154739, 0.5321899905703319
0.22047685069110165, 0.5304504113308267
0.22207625569242334, 0.5287503546191726
0.2237027199756968, 0.5270277873015278
0.2253149939235931, 0.5253264688899176
0.22693990643128564, 0.5236179093245614
0.22857963135626924, 0.5219000217881952
0.23020331759031204, 0.5202049623904591
0.23182292005522637, 0.5185201208487605
0.23345265619225003, 0.5168307247547758
0.23508714373550368, 0.5151421754913355
0.23674897785300814, 0.5134314647727363
0.23840206402578773, 0.5117357487395484
0.240042219770647, 0.5100589836156114
0.24171184844840365, 0.5083580403182572
0.24335389678687264, 0.5066909105793177
0.24502166710405604, 0.5050034032963409
0.2466750314710815, 0.5033361549518023
0.24834113698723065, 0.5016616642570942
0.24997828247264398, 0.5000217289847292
0.25167097242312153, 0.4983318352194577
0.2533168556244854, 0.496694111919378
0.2549749682667345, 0.49504960204502874
0.2567370243191091, 0.49330785073206107
0.2583613731173646, 0.4917074132094958
0.26004760013271727, 0.49005140039731904
0.26174465777272843, 0.48839021405176264
0.26342580951855316, 0.4867498022190063
0.2650994504736038, 0.4851219633998128
0.266800244320944, 0.4834729151582092
0.2684803283124094, 0.4818491381511092
0.2702347154708077, 0.48015896450123147
0.2718831420577185, 0.4785759149874508
0.27359727589237653, 0.4769347724368629
0.2752910141533664, 0.475318228801325
0.27701312610960455, 0.47367964354928305
0.2787063338828555, 0.4720736421284999
0.2804203136922365, 0.47045273927705916
0.2821438188525678, 0.4688279230701093
0.283869065000598, 0.4672063915144763
0.28558301995385066, 0.46560036457189613
0.2873039244978841, 0.4639926379998835
0.2890343574210653, 0.4623808578030264
0.2907860683693115, 0.460754200244574
0.2925034803054485, 0.4591641387643608
0.2942252398333597, 0.4575746862900578
0.29589453010927963, 0.45603813547092026
0.2977417098928318, 0.4543428836551811
0.29944673156165313, 0.45278274579567257
0.3012050002277196, 0.4511785969125325
0.3029352227197045, 0.44960451384384836
0.304668208660339, 0.4480324515462045
0.30644837560242355, 0.44642221421848405
0.30818483412048453, 0.44485603322906003
0.3099598702508921, 0.4432596318519235
0.31171107791760067, 0.44168909922538024
0.31346027776773316, 0.44012480243947627
0.31521622462547905, 0.4385588116819643
0.3169809146334605, 0.43698945490599034
0.31874370544737957, 0.43542613838489624
0.3205093600078671, 0.43386457394394795
0.3222849505062786, 0.43229855841776627
0.32406205109383, 0.4307355773115393
0.3258922633824784, 0.4291302793157668
0.3275908869872559, 0.42764449564393087
0.32938314816179914, 0.4260809036881347
0.33117746457190544, 0.42451981542637357
0.33296016564033776, 0.42297301794515596
0.3347293963891025, 0.42144203670121955
0.33654565778697076, 0.41987450714311436
0.338337916835731, 0.4183318163576318
0.3401273991627095, 0.4167955987913252
0.3419112375261921, 0.4152682919216431
0.3437153704100776, 0.41372758038086765
0.3455243758741292, 0.4121868102840418
0.34731933951552996, 0.41066199755347765
0.3491222591535163, 0.4091343253902751
0.35094886657283664, 0.40759065130784133
0.3527526364285349, 0.4060702431850411
0.3545490663295324, 0.40455982543165697
0.35635698096486035, 0.40304360619148133
0.3581857412641642, 0.4015137984921076
0.35999330752695347, 0.4000056909744593
0.3618092678584001, 0.3984941799328312
0.36362697235119956, 0.3969851995728888
0.36544971039135743, 0.39547567045924653
0.36728664019074797, 0.3939582636900594
0.3691144477453408, 0.39245212059388007
0.37092812341479453, 0.390961341059001
0.37273417209946297, 0.3894804278174364
0.37460742683515175, 0.38794821847592037
0.3764172978421327, 0.38647156485491047
0.3782846096965962, 0.3849515477773894
0.3801402464576341, 0.38344486086075674
0.38197417443114395, 0.3819594099163975
0.38385019724440683, 0.38044355406272573
0.3856644541016526, 0.37898115443174485
0.38749018380224176, 0.37751291960650035
0.38931268223076576, 0.3760507773293913
0.39119623520748964, 0.37454318730736585
0.39305607755277716, 0.3730582312885216
0.3949006578912122, 0.37158879136858236
0.3967622186736667, 0.3701093773184629
0.398597657643865, 0.3686541172491676
0.4004810672197977, 0.36716428105244986
0.4023747019875764, 0.36566988343014195
0.40423835257880725, 0.36420262493373434
0.40610542737993643, 0.36273598667673823
0.40796528461007364, 0.3612784231723417
0.4098061335318435, 0.35983898896245414
0.41168155391112315, 0.3583758763858438
0.41354445569437315, 0.35692583224989644
0.4154409614373741, 0.35545291314552113
0.4173182479349399, 0.35399829974029656
0.41920092179283297, 0.3525427541630993
0.42109349381541034, 0.3510828338431712
0.4229979934836561, 0.3496170464285182
0.42483549169028, 0.34820597216474863
0.4267500168961102, 0.34673896436287077
0.4286122763284214, 0.3453151371940651
0.43051183435468815, 0.34386600887228175
0.43242303934443405, 0.3424112498383132
0.43430713468909077, 0.3409801987889895
0.4361595003360099, 0.33957632903831253
0.4381137088805628, 0.33809842289180647
0.43999817209388825, 0.3366764308137259
0.4418940147129191, 0.3352489141281825
0.44380468851932064, 0.3338133395223363
0.44571768886490726, 0.3323791906285873
0.44761450457958246, 0.3309600895274123
0.4495309757219626, 0.32952932322731976
0.45143442657954, 0.3281113350094614
0.45336231220965567, 0.32667819216434535
0.4552542417698222, 0.32527475360212665
0.4571785354845717, 0.3238502336339511
0.4590806703714152, 0.3224451067927745
0.4610335555720694, 0.32100549850311794
0.46291929063270776, 0.319618282687232
0.464848691901171, 0.318201888486072
0.46676023487443646, 0.3168014691874602
0.4687034381690456, 0.31538085378885117
0.47063896737607125, 0.3139686948079801
0.4725613871471721, 0.3125690204616849
0.4744671855583096, 0.3111842314374124
0.4764140946589544, 0.3097724639565254
0.4783780966043666, 0.3083511838599883
0.48029601799455424, 0.3069661106164014
0.48221254602385916, 0.3055847718776442
0.48417051758731533, 0.3041763844367206
0.4861111524421327, 0.30278329605119897
0.4880406549985411, 0.3014009423125272
0.48999196772213505, 0.3000057554222897
0.4919281041969433, 0.29862416348975435
0.4938955633014298, 0.297222985507651
0.4958480075928675, 0.295835259255567
0.49777361875407455, 0.2944692750400151
0.49974445020761266, 0.29307395951321896
0.5017157241030591, 0.2916811282128668
0.503648783978782, 0.2903178535844565
0.5055975101752179, 0.2889462125796036
0.5075875340818664, 0.2875482450115848
0.5095008922530697, 0.28620672841654193
0.5114373134008535, 0.28485155588771766
0.5134262809414755, 0.28346231022490626
0.5153966933653261, 0.2820886935122814
0.5173652296786457, 0.2807189989422627
0.5193408203479287, 0.27934697786807267
0.5212915796216249, 0.2779947640263403
0.5232771303762254, 0.27662104613116884
0.5252592460075423, 0.2752522947966478
0.5272119961300263, 0.27390635831717136
0.5292010053511715, 0.27253803132336607
0.5311921339395671, 0.2711707890966377
0.5331483728248786, 0.269829976186817
0.5351169804086475, 0.2684831109923232
0.53708774869692, 0.2671372960191672
0.5391181756856568, 0.2657533587573697
0.5410827463546615, 0.2644167545146868
0.5430384359355978, 0.2630886197115076
0.5450458876803022, 0.26172778002710645
0.5470251605003754, 0.2603885256431329
0.5490258585448424, 0.2590372348101461
0.5510333028338601, 0.25768389792228935
0.5530160385364683, 0.25634952634996905
0.5550254219085964, 0.2549997258531535
0.5570448033051899, 0.25364566364674485
0.5589662376766587, 0.2523596268749153
0.5610134751266105, 0.2509917660485897
0.5629786395585996, 0.24968097807300324
0.5649816152686264, 0.24834741462979584
0.5670037954961037, 0.24700350606797647
0.5689963247150953, 0.2456815518601863
0.571013676222164, 0.24434555822475587
0.5730038521180066, 0.24302982271876483
0.5750232536947573, 0.24169712569854085
0.5770283839822594, 0.24037616011954635
0.5790460987702806, 0.2390492281254859
0.5810546364735324, 0.23773061022786657
0.5830904351961462, 0.23639644816780986
0.5851172409109333, 0.23507044419317222
0.5870946546906163, 0.23377899017612233
0.5891346573018108, 0.23244892879282153
0.5911400439473923, 0.231143689858576
0.5931492459863519, 0.2298382419478835
0.5951757851989609, 0.2285236572828208
0.5972147420468071, 0.2272033279972593
0.5992164542262298, 0.22590928612772543
0.6012395974500254, 0.2246036489868023
0.6033019682784947, 0.22327488126590125
0.6053104212349419, 0.22198303327764313
0.6073273171504617, 0.22068793355434366
0.6093027241626282, 0.21942157360307288
0.6113864439038472, 0.21808798156317463
0.6134307956432452, 0.2167817845724485
0.6154702074259124, 0.21548093554273678
0.6175002310673552, 0.21418818219487942
0.6195376372526622, 0.21289291982359443
0.6216308691751445, 0.21156431377207405
0.6236046227455628, 0.21031369207497516
0.6256532404099573, 0.20901756743249397
0.6276908746640865, 0.20773061748815852
0.6297538610305005, 0.2064296771670556
0.6317958066139933, 0.2051442850517859
0.6338340063541719, 0.20386309196855784
0.6359025149395966, 0.2025650847702736
0.6379335182074519, 0.20129260016282857
0.6400197006284226, 0.19998774880013337
0.6420328790473503, 0.19873047447017
0.6440994827498006, 0.19744192338972152
0.6461641053494697, 0.19615676794121278
0.6481823538610777, 0.1949022809811865
0.6502446306316507, 0.19362252962259147
0.6523134632825139, 0.19234076203507836
0.654353900065565, 0.19107860139109453
0.6564241050674772, 0.1897999707860362
0.6584959313168883, 0.1885223964904088
0.6605686028930772, 0.18724630159749966
0.6626232993742777, 0.1859832629743737
0.6646889204779429, 0.18471546399643343
0.666765240498151, 0.18344311913156333
0.6688424616035102, 0.1821721307662207
0.6708901992499292, 0.18092114937782505
0.6729848240289718, 0.17964351634552286
0.6750551584033586, 0.1783826316502582
0.6771069558781462, 0.17713496201973725
0.6791850961959184, 0.17587317501180583
0.6812762204189229, 0.17460544646883858
0.6833425926134215, 0.17335463600606346
0.6854216647532106, 0.17209804584032137
0.687507659585705, 0.1708391876767077
0.689578467382744, 0.16959143795899417
0.6916522978515862, 0.16834367652371762
0.6937882822480808, 0.16706055855086036
0.6958114737806339, 0.1658469223375946
0.6979271869199646, 0.16457963674211465
0.6999591032932587, 0.16336442224468453
0.7020819766794941, 0.1620967175156298
0.7041544675851076, 0.16086096710240796
0.7062628793541385, 0.1596055274303777
0.7083424981425225, 0.15836915671917037
0.7104258819679192, 0.15713236555317925
0.7125310657876797, 0.15588445146583055
0.7146312426612902, 0.15464136997843897
0.7167134344367087, 0.15341075180295924
0.7188420770552532, 0.1521544658277979
0.7209078367749666, 0.15093712376037205
0.7230620218572705, 0.1496694819397536
0.7251487570701758, 0.14844339371831863
0.7272059817421438, 0.14723630416154784
0.7292912975355244, 0.1460144789629626
0.7314182692411739, 0.144770123092027
0.733515606337732, 0.1435447581883489
0.7356718296195615, 0.1422868907010245
0.7377243331255916, 0.14109121621527274
0.7398409917935242, 0.13985991362867403
0.7419346285894615, 0.13864375172426494
0.7440665965531322, 0.13740706400554206
0.7461667468255434, 0.13619059058477695
0.7483048199643301, 0.13495387100415618
0.7503912138744353, 0.13374877226797022
0.7524899513865844, 0.13253822781669206
0.7546252565599628, 0.13130832122451674
0.7567244441909384, 0.13010090691991366
0.7588917127525997, 0.12885613574008464
0.7609900266196171, 0.1276526007064342
0.7631018468892918, 0.12644300404106149
0.7652176868225113, 0.1252328095384343
0.7673850352985538, 0.1239948567278292
0.7694603530286805, 0.12281111072843255
0.7716073229287187, 0.12158818521891027
0.773729354538746, 0.12038116400256753
0.7758420072352366, 0.11918106161156727
0.7779379442523844, 0.11799214358124135
0.780096837273578, 0.11676911190073222
0.7822544120833748, 0.11554855571431909
0.7843343377186506, 0.11437349960270847
0.7864837595693424, 0.11316080824412894
0.7886464649339517, 0.11194231019891628
0.7907587773677472, 0.11075389363274481
0.7929128679087731, 0.1095434605958534
0.7950391896769033, 0.10835037517907165
0.7971599905637908, 0.10716188647706873
0.799292215349733, 0.10596859081533484
0.8014218581921049, 0.10477832943848614
0.8035713336383852, 0.10357861967101174
0.8056988409412921, 0.10239272596276489
0.8078445185679157, 0.10119833091604873
0.8099824796941544, 0.10000977644136771
0.8121366940684304, 0.09881375507020872
0.8142770671646185, 0.09762698100727896
0.8164158687012226, 0.09644267487006056
0.8185672073753787, 0.0952529669664598
0.8207132108723801, 0.0940678064602304
0.8228523517855824, 0.0928879218665097
0.825015650202574, 0.09169635870682492
0.8271831997468667, 0.09050391437048688
0.8293520562540092, 0.08931233192735048
0.8314745296194178, 0.0881477600067791
0.8336368633404364, 0.08696284078769047
0.8357982921455921, 0.08577997155938638
0.8378799482973327, 0.08464222981177731
0.8400919571938673, 0.08343471162808858
0.842242720751585, 0.08226218726871423
0.844388701784848, 0.08109375812354443
0.846571158424029, 0.07990700137867983
0.8487230990488156, 0.07873831292075231
0.8508875407061162, 0.07756435959365236
0.8530120148335667, 0.07641352690726581
0.855154514855424, 0.07525436297095288
0.8573819312132154, 0.074050799253166
0.8595472928317389, 0.07288227390415822
0.8617037717700358, 0.07171999415671473
0.8638806421202128, 0.07054823351399418
0.8660304208689978, 0.06939247404786039
0.8682029254275752, 0.0682259512880493
0.8704125053805476, 0.06704104265116764
0.872571064544342, 0.06588492735127757
0.8747008779688277, 0.06474562199977152
0.8768941887398809, 0.06357372476985916
0.8790409931718155, 0.06242824607854627
0.8812255566294221, 0.06126389415944806
0.8834120863843008, 0.060100001602207576
0.8855661539581288, 0.05895476515931722
0.8877696342282861, 0.05778475699979602
0.8899458373365902, 0.05663060520014561
0.8921112354199124, 0.05548368910146462
0.8942699422628161, 0.054341544016619406
0.8964886988472878, 0.05316917786120443
0.8986692023471057, 0.052018373485766156
0.9008423134097736, 0.05087291762321946
0.9030172080723028, 0.04972785195182167
0.905217557519218, 0.048570784532652296
0.9074183740480595, 0.04741492215271064
0.9095818729623999, 0.04628003014492865
0.9117788590854194, 0.0451289177705393
0.9139034169808533, 0.044017050777431795
0.9161576187285632, 0.042838810270866716
0.9183393602613743, 0.04169979021608713
0.9205284405020073, 0.040558306374507004
0.9227341185537882, 0.03940951813705643
0.9249171952217821, 0.0382738617558126
0.9271313179829979, 0.03712343531073762
0.9293171408269869, 0.03598905565768639
0.9314941969928381, 0.034860569575798916
0.9336918398424356, 0.03372269921918421
0.9359018307715553, 0.03257984758373242
0.9380976442779105, 0.03144561109819344
0.940287066819934, 0.030316025545542132
0.9424690640504882, 0.029191558543748684
0.9446888807511372, 0.028048931686184254
0.946888053354133, 0.026918285572417735
0.9490690363889305, 0.0257982675573174
0.9513093595057586, 0.02464918789824014
0.9535158382592814, 0.023518649708876377
0.9557241741767335, 0.022388540619212093
0.9579130078828677, 0.021269726385383117
0.9601033175435527, 0.020151383605172633
0.9623225713896999, 0.01901960361127851
0.9645535939295541, 0.01788311608519258
0.9667572146964624, 0.016761878265070303
0.9689617686972665, 0.01564148777544014
0.9711607853644482, 0.014525127967020802
0.9733574369428983, 0.013411232808701724
0.975705053109326, 0.012222202631842087
0.9778071525362036, 0.011158792424389023
0.9799938633356049, 0.010053670497969448
0.9822363639330618, 0.008921653971167528
0.9844462903437916, 0.0078073529019409985
0.9866524956650582, 0.006696176331968801
0.9888864445958576, 0.0055723095657570195
0.991094952709995, 0.004462484430925687
0.9933411452535532, 0.0033349934097482766
0.9955198898636077, 0.0022426397939106645
0.9977734996487229, 0.0011138744499450317
0.99998765094813, 6.1976846657509275E-6
